0 46 8010 46 8010
1 7 700 7 700
2 0 0 0 0
3 31 3020 31 3020
4 24 2336 24 2336
5 5 516 5 516
6 0 0 0 0
7 0 0 0 0
8 0 0 0 0
9 0 0 0 0
10 0 0 0 0
11 0 0 0 0
12 3 348 3 348
13 0 0 0 0
14 0 0 0 0
15 0 0 0 0
16 6 616 6 616
17 0 0 0 0
18 45 8070 45 8070
19 2 184 2 184
20 78 11018 78 11018
21 0 0 0 0
22 0 0 0 0
23 0 0 0 0
24 3 380 3 380
25 0 0 0 0
26 5 644 5 644
27 19 3676 19 3676
28 0 0 0 0
29 0 0 0 0
30 44 9506 44 9506
31 30 2760 30 2760
32 0 0 0 0
33 0 0 0 0
34 42 7802 42 7802
35 0 0 0 0
36 27 5502 27 5502
37 40 13984 40 13984
38 0 0 0 0
39 29 2852 29 2852
40 0 0 0 0
41 8 912 8 912
42 0 0 0 0
43 25 2468 25 2468
44 0 0 0 0
45 3 428 3 428
46 34 3384 34 3384
47 0 0 0 0
48 0 0 0 0
49 0 0 0 0
50 0 0 0 0
51 9 1156 9 1156
52 0 0 0 0
53 0 0 0 0
54 0 0 0 0
55 0 0 0 0
56 0 0 0 0
57 7 764 7 764
58 0 0 0 0
59 0 0 0 0
60 9 980 9 980
61 0 0 0 0
62 0 0 0 0
63 19 4206 19 4206
64 22 3544 22 3544
65 25 2308 25 2308
66 0 0 0 0
67 42 4408 42 4408
68 0 0 0 0
69 3 380 3 380
70 3 476 3 476
71 0 0 0 0
72 19 3676 19 3676
73 0 0 0 0
74 0 0 0 0
75 0 0 0 0
76 9 996 9 996
77 0 0 0 0
78 3 380 3 380
79 3 428 3 428
80 0 0 0 0
81 0 0 0 0
82 25 2356 25 2356
83 0 0 0 0
84 0 0 0 0
85 0 0 0 0
86 0 0 0 0
87 0 0 0 0
88 0 0 0 0
89 0 0 0 0
90 0 0 0 0
91 0 0 0 0
92 16 1696 16 1696
93 6 648 6 648
94 0 0 0 0
95 0 0 0 0
96 0 0 0 0
97 0 0 0 0
98 3 380 3 380
99 0 0 0 0
100 0 0 0 0
101 18 4074 18 4074
102 67 17150 67 17150
103 0 0 0 0
104 61 8436 61 8436
105 0 0 0 0
106 3 428 3 428
107 0 0 0 0
108 9 1236 9 1236
109 0 0 0 0
110 0 0 0 0
111 0 0 0 0
112 0 0 0 0
113 0 0 0 0
114 0 0 0 0
115 0 0 0 0
116 38 3688 38 3688
117 0 0 0 0
118 0 0 0 0
119 0 0 0 0
120 0 0 0 0
121 0 0 0 0
122 0 0 0 0
123 0 0 0 0
124 0 0 0 0
125 0 0 0 0
126 0 0 0 0
127 0 0 0 0
128 3 380 3 380
129 0 0 0 0
130 0 0 0 0
131 0 0 0 0
132 0 0 0 0
133 5 548 5 548
134 0 0 0 0
135 0 0 0 0
136 0 0 0 0
137 0 0 0 0
138 6 856 6 856
139 29 2788 29 2788
140 33 3076 33 3076
141 0 0 0 0
142 0 0 0 0
143 0 0 0 0
144 0 0 0 0
145 0 0 0 0
146 0 0 0 0
147 0 0 0 0
148 0 0 0 0
149 0 0 0 0
150 0 0 0 0
151 0 0 0 0
152 0 0 0 0
153 16 3826 16 3826
154 33 8004 33 8004
155 0 0 0 0
156 27 2764 27 2764
157 0 0 0 0
158 0 0 0 0
159 0 0 0 0
160 0 0 0 0
161 0 0 0 0
162 3 156 3 156
163 0 0 0 0
164 0 0 0 0
165 0 0 0 0
166 0 0 0 0
167 0 0 0 0
168 0 0 0 0
169 0 0 0 0
170 0 0 0 0
171 0 0 0 0
172 3 380 3 380
173 0 0 0 0
174 0 0 0 0
175 0 0 0 0
176 0 0 0 0
177 0 0 0 0
178 0 0 0 0
179 3 156 3 156
180 0 0 0 0
181 0 0 0 0
182 0 0 0 0
183 0 0 0 0
184 0 0 0 0
185 0 0 0 0
186 0 0 0 0
187 0 0 0 0
188 0 0 0 0
189 0 0 0 0
190 0 0 0 0
191 0 0 0 0
192 0 0 0 0
193 0 0 0 0
194 0 0 0 0
195 0 0 0 0
196 47 11246 47 11246
197 3 156 3 156
198 0 0 0 0
199 0 0 0 0
200 0 0 0 0
201 0 0 0 0
202 0 0 0 0
203 0 0 0 0
204 0 0 0 0
205 0 0 0 0
206 0 0 0 0
207 0 0 0 0
208 0 0 0 0
209 0 0 0 0
210 0 0 0 0
211 0 0 0 0
212 0 0 0 0
213 0 0 0 0
214 0 0 0 0
215 0 0 0 0
216 0 0 0 0
217 0 0 0 0
218 0 0 0 0
219 0 0 0 0
220 0 0 0 0
221 0 0 0 0
222 0 0 0 0
223 0 0 0 0
224 0 0 0 0
225 0 0 0 0
226 0 0 0 0
227 0 0 0 0
228 0 0 0 0
229 0 0 0 0
230 0 0 0 0
231 0 0 0 0
232 0 0 0 0
233 0 0 0 0
234 0 0 0 0
235 0 0 0 0
236 0 0 0 0
237 0 0 0 0
238 0 0 0 0
239 0 0 0 0
240 0 0 0 0
241 0 0 0 0
242 0 0 0 0
243 0 0 0 0
244 0 0 0 0
245 0 0 0 0
246 0 0 0 0
247 0 0 0 0
248 0 0 0 0
249 0 0 0 0
250 0 0 0 0
251 0 0 0 0
252 0 0 0 0
253 0 0 0 0
254 0 0 0 0
255 20 4258 20 4258
256 24 3648 24 3648
257 0 0 0 0
258 3 380 3 380
259 29 2852 29 2852
260 0 0 0 0
261 0 0 0 0
262 16 1680 16 1680
263 0 0 0 0
264 0 0 0 0
265 0 0 0 0
266 3 348 3 348
267 0 0 0 0
268 0 0 0 0
269 3 348 3 348
270 0 0 0 0
271 0 0 0 0
272 4 400 4 400
273 0 0 0 0
274 0 0 0 0
275 0 0 0 0
276 0 0 0 0
277 0 0 0 0
278 0 0 0 0
279 0 0 0 0
280 0 0 0 0
281 0 0 0 0
282 0 0 0 0
283 0 0 0 0
284 0 0 0 0
285 17 3974 17 3974
286 26 3880 26 3880
287 26 2440 26 2440
288 0 0 0 0
289 3 364 3 364
290 0 0 0 0
291 29 2852 29 2852
292 5 532 5 532
293 0 0 0 0
294 25 2468 25 2468
295 0 0 0 0
296 0 0 0 0
297 0 0 0 0
298 5 532 5 532
299 27 2748 27 2748
300 5 564 5 564
301 6 524 6 524
302 0 0 0 0
303 0 0 0 0
304 0 0 0 0
305 0 0 0 0
306 0 0 0 0
307 0 0 0 0
308 43 7854 43 7854
309 7 652 7 652
310 0 0 0 0
311 19 1788 19 1788
312 3 364 3 364
313 0 0 0 0
314 31 3020 31 3020
315 0 0 0 0
316 0 0 0 0
317 5 532 5 532
318 0 0 0 0
319 25 2468 25 2468
320 0 0 0 0
321 0 0 0 0
322 5 532 5 532
323 29 2852 29 2852
324 0 0 0 0
325 0 0 0 0
326 0 0 0 0
327 0 0 0 0
328 0 0 0 0
329 50 17546 50 17546
330 0 0 0 0
331 0 0 0 0
332 0 0 0 0
333 3 396 3 396
334 4 368 4 368
335 0 0 0 0
336 0 0 0 0
337 0 0 0 0
338 0 0 0 0
339 0 0 0 0
340 0 0 0 0
341 0 0 0 0
342 43 7854 43 7854
343 0 0 0 0
344 0 0 0 0
345 7 700 7 700
346 31 3020 31 3020
347 24 2336 24 2336
348 0 0 0 0
349 0 0 0 0
350 41 11910 41 11910
351 43 7854 43 7854
352 3 348 3 348
353 0 0 0 0
354 5 301 5 301
355 50 8561 50 8561
356 46 4472 46 4472
357 32 3216 32 3216
358 5 532 5 532
359 3 332 3 332
360 34 3400 34 3400
361 21 2004 21 2004
362 0 0 0 0
363 0 0 0 0
364 5 532 5 532
365 3 348 3 348
366 0 0 0 0
367 4 400 4 400
368 29 2852 29 2852
369 3 348 3 348
370 0 0 0 0
371 0 0 0 0
372 0 0 0 0
373 0 0 0 0
374 6 616 6 616
375 4 400 4 400
376 0 0 0 0
377 0 0 0 0
378 0 0 0 0
379 3 396 3 396
380 4 368 4 368
381 0 0 0 0
382 0 0 0 0
383 0 0 0 0
384 0 0 0 0
385 0 0 0 0
386 0 0 0 0
387 0 0 0 0
388 0 0 0 0
389 17 3974 17 3974
390 4 864 4 864
391 26 13712 26 13712
392 0 0 0 0
393 0 0 0 0
394 0 0 0 0
395 41 7750 41 7750
396 32 3232 32 3232
397 0 0 0 0
398 0 0 0 0
399 24 2336 24 2336
400 12 3490 12 3490
401 31 4364 31 4364
402 3 348 3 348
403 3 348 3 348
404 32 3232 32 3232
405 3 332 3 332
406 21 2004 21 2004
407 0 0 0 0
408 3 348 3 348
409 0 0 0 0
410 0 0 0 0
411 4 400 4 400
412 0 0 0 0
413 0 0 0 0
414 3 348 3 348
415 0 0 0 0
416 0 0 0 0
417 0 0 0 0
418 6 616 6 616
419 0 0 0 0
420 46 7930 46 7930
421 2 184 2 184
422 0 0 0 0
423 41 4356 41 4356
424 4 400 4 400
425 3 380 3 380
426 0 0 0 0
427 3 476 3 476
428 0 0 0 0
429 0 0 0 0
430 17 3508 17 3508
431 0 0 0 0
432 9 1060 9 1060
433 0 0 0 0
434 0 0 0 0
435 0 0 0 0
436 0 0 0 0
437 44 7906 44 7906
438 0 0 0 0
439 0 0 0 0
440 38 7514 38 7514
441 6 552 6 552
442 60 6144 60 6144
443 0 0 0 0
444 35 3596 35 3596
445 5 532 5 532
446 5 644 5 644
447 47 6236 47 6236
448 0 0 0 0
449 41 4276 41 4276
450 0 0 0 0
451 0 0 0 0
452 9 964 9 964
453 0 0 0 0
454 3 396 3 396
455 0 0 0 0
456 7 748 7 748
457 9 964 9 964
458 6 808 6 808
459 4 249 4 249
460 33 6573 33 6573
461 0 0 0 0
462 51 8520 51 8520
463 17 1620 17 1620
464 32 3216 32 3216
465 9 1236 9 1236
466 5 532 5 532
467 25 2468 25 2468
468 0 0 0 0
469 0 0 0 0
470 0 0 0 0
471 5 532 5 532
472 29 2852 29 2852
473 0 0 0 0
474 7 732 7 732
475 0 0 0 0
476 6 536 6 536
477 0 0 0 0
478 18 1928 18 1928
479 0 0 0 0
480 0 0 0 0
481 0 0 0 0
482 0 0 0 0
483 0 0 0 0
484 0 0 0 0
485 0 0 0 0
486 0 0 0 0
487 3 380 3 380
488 0 0 0 0
489 0 0 0 0
490 3 380 3 380
491 0 0 0 0
492 44 8178 44 8178
493 0 0 0 0
494 7 700 7 700
495 29 2788 29 2788
496 32 3184 32 3184
497 21 2004 21 2004
498 3 428 3 428
499 0 0 0 0
500 29 2788 29 2788
501 3 348 3 348
502 0 0 0 0
503 3 348 3 348
504 33 3076 33 3076
505 0 0 0 0
506 0 0 0 0
507 0 0 0 0
508 3 380 3 380
509 6 616 6 616
510 0 0 0 0
511 0 0 0 0
512 0 0 0 0
513 0 0 0 0
514 3 428 3 428
515 0 0 0 0
516 66 6264 66 6264
517 0 0 0 0
518 0 0 0 0
519 33 3076 33 3076
520 0 0 0 0
521 0 0 0 0
522 0 0 0 0
523 29 5846 29 5846
524 0 0 0 0
525 20 4130 20 4130
526 24 3776 24 3776
527 5 548 5 548
528 0 0 0 0
529 10 1032 10 1032
530 3 156 3 156
531 0 0 0 0
532 17 1620 17 1620
533 0 0 0 0
534 3 364 3 364
535 0 0 0 0
536 0 0 0 0
537 32 3280 32 3280
538 0 0 0 0
539 3 316 3 316
540 15 1484 15 1484
541 0 0 0 0
542 25 2468 25 2468
543 0 0 0 0
544 0 0 0 0
545 5 532 5 532
546 29 2852 29 2852
547 0 0 0 0
548 3 380 3 380
549 0 0 0 0
550 0 0 0 0
551 0 0 0 0
552 0 0 0 0
553 0 0 0 0
554 0 0 0 0
555 3 396 3 396
556 7 796 7 796
557 9 1236 9 1236
558 0 0 0 0
559 0 0 0 0
560 0 0 0 0
561 0 0 0 0
562 0 0 0 0
563 9 964 9 964
564 0 0 0 0
565 0 0 0 0
566 0 0 0 0
567 0 0 0 0
568 0 0 0 0
569 0 0 0 0
570 0 0 0 0
571 0 0 0 0
572 0 0 0 0
573 0 0 0 0
574 0 0 0 0
575 0 0 0 0
576 0 0 0 0
577 0 0 0 0
578 3 380 3 380
579 0 0 0 0
580 0 0 0 0
581 0 0 0 0
582 0 0 0 0
