0 11 968 10 1296
1 5 502 2 248
2 11 1024 12 1290
3 10 882 8 958
4 9 758 8 866
5 0 0 0 0
6 1 68 0 0
7 0 0 0 0
8 0 0 0 0
9 0 0 0 0
10 0 0 0 0
11 0 0 0 0
12 65 7406 79 52063
13 589 31633 614 893242
14 349 26397 354 477195
15 76 5936 150 194129
16 35 2883 50 59602
17 15 2603 14 5209
18 6 447 10 9110
19 27 1788 42 53998
20 1 52 1 117
21 1 52 1 103
22 4 278 4 300
23 0 0 0 0
24 0 0 0 0
25 1 52 1 97
26 33 4936 77 102075
27 12 1030 16 14504
28 0 0 0 0
29 8 4446 8 856
30 3 191 3 259
31 1 52 1 101
32 2 139 1 92
33 0 0 1 52
34 1 52 1 94
35 2 139 2 161
36 1 52 1 95
37 2 104 2 189
38 3 191 3 245
39 0 0 0 0
40 2 139 2 148
41 2 104 2 195
42 0 0 0 0
43 4 243 4 342
44 7 1325 5 951
45 2 139 1 95
46 0 0 1 52
47 0 0 0 0
48 4 611 5 493
49 24 2907 22 6046
50 2 104 2 190
51 3 191 3 259
52 2 104 2 223
53 2 104 2 206
54 2 139 2 148
55 2 104 2 190
56 2 139 2 148
57 2 104 2 191
58 7 724 9 659
59 7 591 7 596
60 2 104 2 189
61 0 0 0 0
62 0 0 0 0
63 4 243 4 294
64 3 191 3 241
65 2 104 2 213
66 0 0 0 0
67 1 52 1 92
68 2 139 2 149
69 3 191 3 245
70 2 104 2 193
71 2 104 2 147
72 3 156 3 281
73 0 0 0 0
74 10 1516 9 1277
75 2 139 2 147
76 1 52 1 109
77 1 52 1 95
78 2 1467 1 52
79 53 4065 114 145271
80 0 0 0 0
81 2 139 2 149
82 2 296 2 104
83 2 104 2 336
84 3 521 3 346
85 3 191 3 239
86 1 52 1 95
87 0 0 0 0
88 0 0 0 0
89 0 0 0 0
90 0 0 0 0
91 3 226 3 199
92 7 768 9 2980
93 3 395 3 896
94 1 52 1 96
95 2 104 2 221
96 4 278 4 294
97 0 0 0 0
98 0 0 0 0
99 2 104 2 194
100 0 0 0 0
101 2 120 1 95
102 0 0 0 0
103 3 226 3 198
104 10 1481 8 1123
105 0 0 1 52
106 0 0 0 0
107 2 104 2 190
108 1 52 0 0
109 0 0 1 52
110 3 226 3 199
111 0 0 0 0
112 0 0 0 0
113 2 104 2 189
114 2 104 2 187
115 0 0 0 0
116 3 226 3 199
117 2 1048 2 104
118 1 52 2 433
119 1 200 0 0
120 1 200 0 0
121 3 226 4 294
122 1 200 0 0
123 1 200 0 0
124 1 52 1 52
125 3 156 3 285
126 0 0 0 0
127 0 0 0 0
128 4 278 4 292
129 0 0 0 0
130 0 0 0 0
131 1 52 1 95
132 1 52 1 94
133 5 330 5 402
134 7 1325 6 983
135 0 0 0 0
136 0 0 0 0
137 1 52 1 52
138 0 0 0 0
139 3 226 3 196
140 0 0 0 0
141 3 136 2 191
142 13 4503 14 2091
143 17 1947 18 15630
144 6 1015 5 1791
145 2 139 3 199
146 1 52 1 109
147 0 0 0 0
148 0 0 0 0
149 1 52 1 95
150 4 278 5 347
151 0 0 0 0
152 0 0 0 0
153 9 1788 9 7624
154 7 690 6 1442
155 7 586 9 3089
156 8 1045 11 5251
157 0 0 0 0
158 2 139 2 144
159 4 400 4 441
160 3 191 3 242
161 0 0 0 0
162 0 0 0 0
163 0 0 0 0
164 8 1571 8 1368
165 6 574 5 493
166 0 0 1 52
167 0 0 0 0
168 0 0 0 0
169 2 340 0 0
170 3 191 5 490
171 0 0 0 0
172 0 0 0 0
173 3 383 4 394
174 0 0 0 0
175 0 0 0 0
176 0 0 0 0
177 0 0 0 0
178 0 0 0 0
179 0 0 0 0
180 0 0 0 0
181 0 0 0 0
182 0 0 0 0
183 9 1812 9 6436
184 5 791 5 1040
185 0 0 0 0
186 0 0 0 0
187 0 0 0 0
188 0 0 0 0
189 0 0 0 0
190 0 0 0 0
191 0 0 0 0
192 0 0 0 0
193 8 746 8 1139
194 11 1893 9 1424
195 4 608 2 144
196 1 52 3 346
197 1 52 1 52
198 0 0 0 0
199 1 52 1 52
200 7 493 6 646
201 0 0 0 0
202 0 0 0 0
203 1 52 1 52
204 2 384 2 104
205 10 1977 9 5036
206 5 702 5 711
207 3 389 3 342
208 2 296 2 104
209 3 524 3 319
210 2 139 2 290
211 0 0 0 0
212 0 0 0 0
213 3 436 3 346
214 12 3199 13 1272
215 13 2215 12 9537
216 4 400 5 489
217 3 1144 3 199
218 1 52 1 242
219 0 0 0 0
220 2 139 2 150
221 5 616 5 1043
222 0 0 0 0
223 0 0 0 0
224 9 1803 8 1371
225 15 1571 20 8296
226 6 662 6 561
227 0 0 0 0
228 0 0 0 0
229 1 52 1 95
230 0 0 0 0
231 3 226 3 199
232 0 0 0 0
233 0 0 0 0
234 1 52 1 94
235 0 0 0 0
236 0 0 0 0
237 3 226 3 199
238 0 0 0 0
239 3 565 3 346
240 4 592 3 346
241 1 200 0 0
242 2 252 1 52
243 4 426 3 213
244 1 52 1 52
245 0 0 1 109
246 1 52 0 0
247 0 0 0 0
248 1 52 1 52
249 4 1732 2 143
250 5 566 5 302
251 11 607 11 12625
252 3 392 3 342
253 4 573 4 438
254 6 1317 6 1276
255 1 52 1 95
256 0 0 0 0
257 0 0 0 0
258 2 425 2 104
259 2 139 2 290
260 2 605 0 0
261 1 52 3 342
262 2 139 2 162
263 4 573 4 441
264 2 296 0 0
265 3 171 4 945
266 0 0 0 0
267 0 0 0 0
268 0 0 0 0
269 0 0 0 0
270 6 1211 6 601
271 6 1191 6 654
272 37 2176 126 179441
273 44 8772 102 123775
274 21 1092 31 37445
275 4 488 4 449
276 2 847 2 104
277 8 1269 8 1136
278 3 609 3 341
279 6 476 7 1081
280 9 3182 10 1145
281 6 589 6 650
282 5 855 5 1156
283 13 4387 12 3154
284 25 3907 27 20909
285 17 1014 27 33440
286 3 480 3 345
287 1 52 1 52
288 4 1002 4 471
289 4 841 4 398
290 5 1227 4 1641
291 8 2432 10 1506
292 0 0 0 0
293 50 9204 63 51798
294 0 0 0 0
295 14 3322 11 4290
296 4 208 8 5079
297 12 4411 12 3948
298 19 2232 19 20067
299 26 1759 40 43260
300 2 384 2 104
301 5 449 6 967
302 3 392 2 290
303 0 0 0 0
304 0 0 0 0
305 0 0 0 0
306 5 522 6 542
307 3 477 3 342
308 3 389 3 346
309 0 0 0 0
310 0 0 0 0
311 0 0 0 0
312 0 0 0 0
313 0 0 0 0
314 11 1760 9 1304
315 0 0 0 0
316 0 0 0 0
317 8 947 6 566
318 9 1176 8 726
319 1 52 3 345
320 4 520 4 398
321 3 433 3 346
322 3 389 3 893
323 6 878 6 1849
324 3 348 3 346
325 0 0 0 0
326 0 0 0 0
327 0 0 0 0
328 0 0 0 0
329 0 0 0 0
330 0 0 0 0
331 3 226 3 195
332 0 0 0 0
333 0 0 0 0
334 1 52 1 52
335 0 0 0 0
336 1 52 1 52
337 0 0 0 0
338 0 0 0 0
339 0 0 0 0
340 0 0 0 0
341 0 0 0 0
342 0 0 0 0
343 0 0 0 0
344 7 1325 6 1094
345 0 0 0 0
346 0 0 0 0
347 0 0 0 0
348 0 0 0 0
349 0 0 0 0
350 0 0 0 0
351 0 0 0 0
352 0 0 0 0
353 0 0 0 0
354 0 0 0 0
355 0 0 0 0
356 2 174 3 195
357 3 307 3 195
358 2 139 2 294
359 0 0 0 0
360 1 200 0 0
361 1 200 0 0
362 1 200 0 0
363 1 200 0 0
364 1 52 1 52
365 0 0 0 0
366 0 0 0 0
367 0 0 0 0
368 0 0 0 0
369 0 0 0 0
370 0 0 0 0
371 0 0 0 0
372 0 0 0 0
373 0 0 0 0
374 7 1325 7 1014
375 0 0 0 0
376 0 0 0 0
377 0 0 0 0
378 0 0 0 0
379 1 52 1 52
380 0 0 0 0
381 3 226 4 247
382 0 0 0 0
383 0 0 0 0
384 0 0 0 0
385 0 0 0 0
386 0 0 0 0
387 0 0 0 0
388 0 0 0 0
389 0 0 0 0
390 0 0 0 0
391 1 32 0 0
392 0 0 0 0
393 0 0 0 0
394 0 0 0 0
395 0 0 0 0
396 0 0 0 0
397 0 0 0 0
398 0 0 0 0
399 0 0 0 0
400 0 0 0 0
401 0 0 0 0
402 0 0 0 0
403 0 0 0 0
404 6 1273 6 1005
405 0 0 0 0
406 2 174 2 143
407 1 87 1 64
408 0 0 0 0
409 0 0 0 0
410 1 52 1 52
411 0 0 0 0
412 0 0 0 0
413 0 0 0 0
414 0 0 0 0
415 0 0 0 0
416 0 0 0 0
417 5 906 6 390
418 5 330 4 607
419 0 0 0 0
420 0 0 0 0
421 0 0 0 0
422 0 0 0 0
423 0 0 0 0
424 1 52 1 52
425 0 0 0 0
426 1 52 1 52
427 0 0 0 0
428 0 0 0 0
429 0 0 0 0
430 0 0 0 0
431 3 226 3 195
432 0 0 0 0
433 0 0 0 0
