0 795
1 0
2 98
3 0
4 0
5 0
6 98
7 98
8 196
9 184
10 0
11 504889
12 2484640
13 1688404
14 320064
15 0
16 489
17 424
18 0
19 1568
20 1638
21 1924592
22 52
23 0
24 492187
25 104
26 1309500
27 228786
28 0
29 0
30 719
31 0
32 52
33 0
34 1508305
35 0
36 0
37 424
38 0
39 2378460
40 0
41 3238
42 1050
43 0
44 0
45 0
46 0
47 1495683
48 196
49 165
50 3041
51 305
52 415500
53 1169100
54 0
55 506367
56 0
57 0
58 1679150
59 413
60 1014
61 541
62 0
63 0
64 0
65 0
66 1952125
67 0
68 0
69 499943
70 6450
71 300
72 0
73 0
74 0
75 0
76 297441
77 1261448
78 523988
79 165
80 3041
81 476
82 0
83 0
84 485975
85 104
86 0
87 0
88 2157609
89 0
90 717
91 361
92 0
93 0
94 0
95 0
96 0
97 0
98 1970255
99 0
100 499670
101 528
102 135
103 0
104 0
105 0
106 0
107 0
108 0
109 60
110 2159
111 2167316
112 1208
113 0
114 71896
115 424338
116 0
117 104
118 0
119 0
120 0
121 0
122 905256
123 1093548
124 0
125 0
126 0
127 0
128 0
129 294
130 557
131 514398
132 361
133 0
134 0
135 0
136 0
137 0
138 0
139 112
140 3094
141 305
142 0
143 0
144 0
145 104
146 2010503
147 0
148 0
149 0
150 0
151 305
152 0
153 0
154 0
155 0
156 52
157 0
158 502070
159 0
160 0
161 0
162 0
163 0
164 0
165 0
166 0
167 0
168 1740898
169 1568
170 1638
171 0
172 0
173 0
174 0
175 104
176 0
177 0
178 52
179 0
180 621
181 660
182 104
183 104
184 1684907
185 0
186 0
187 0
188 361
189 0
190 361
191 0
192 0
193 0
194 52
195 496181
196 0
197 0
198 0
199 165
200 3041
201 0
202 0
203 0
204 0
205 1995242
206 0
207 0
208 0
209 0
210 908
211 476
212 0
213 0
214 0
215 52
216 505977
217 0
218 0
219 0
220 0
221 253
222 0
223 0
224 0
225 0
226 52
227 0
228 0
229 165
230 3041
231 928448
232 1168596
233 0
234 0
235 104
236 0
237 0
238 0
239 0
240 883
241 305
242 52
243 0
244 0
245 0
246 0
247 0
248 0
249 0
250 0
251 0
252 52
253 0
254 1836183
255 0
256 0
257 0
258 0
259 500419
260 3041
261 253
262 0
263 0
264 0
265 413
266 52
267 0
268 0
269 52
270 0
271 476
272 0
273 0
274 1882326
275 0
276 361
277 0
278 0
279 104
280 0
281 0
282 0
283 0
284 52
285 25500
286 479677
287 0
288 0
289 60
290 3146
291 1993500
292 36738
293 0
294 0
295 104
296 0
297 0
298 0
299 0
300 0
301 750
302 30000
303 1868969
304 0
305 0
306 0
307 0
308 0
309 0
310 0
311 0
312 0
313 2054193
314 0
315 0
316 0
317 0
318 493550
319 1568
320 1638
321 0
322 0
323 2026192
324 0
325 104
326 0
327 0
328 0
329 0
330 0
331 476
332 0
333 52
334 904500
335 1221505
336 42000
337 0
338 0
339 0
340 0
341 733
342 52
343 0
344 506849
345 0
346 0
347 0
348 123305
349 165
350 3402
351 0
352 0
353 0
354 52
355 1951330
356 0
357 0
358 0
359 0
360 804
361 305
362 0
363 0
364 0
365 52
366 520046
367 0
368 0
369 0
370 0
371 0
372 0
373 0
374 0
375 0
376 769500
377 1299309
378 92500
379 112
380 3094
381 424
382 0
383 0
384 0
385 104
386 0
387 0
388 52
389 0
390 998
391 305
392 0
393 0
394 0
395 0
396 0
397 0
398 1864415
399 0
400 0
401 0
402 0
403 0
404 0
405 0
406 0
407 361
408 52
409 511420
410 1638
411 0
412 0
413 361
414 0
415 104
416 0
417 0
418 0
419 1644833
420 39968
421 660
422 0
423 0
424 0
425 0
426 0
427 0
428 0
429 0
430 521053
431 0
432 0
433 0
434 0
435 0
436 0
437 0
438 0
439 165
440 3093
441 1812949
442 0
443 0
444 0
445 465
446 0
447 0
448 0
449 0
450 0
451 528
452 0
453 0
454 0
455 0
456 1304641
457 0
458 0
459 0
460 0
461 424
462 0
463 0
464 0
465 0
466 0
467 52
468 255401
469 1568
470 1638
471 0
472 0
473 0
474 0
475 104
476 0
477 0
478 52
479 0
480 0
481 476
482 0
483 0
484 0
485 0
486 0
487 0
488 52
489 0
490 0
491 0
492 0
493 0
494 361
495 0
496 0
497 0
498 132
499 3989
500 3145
501 9134
502 0
503 0
504 0
505 104
506 0
507 0
508 0
509 0
510 0
511 669
512 2503
513 0
514 0
515 0
516 0
517 0
518 0
519 0
520 0
521 0
522 0
523 0
524 5771
525 5389
526 0
527 0
528 0
529 1152
530 3198
531 0
532 0
533 0
534 0
535 104
536 0
537 0
538 0
539 0
540 962
541 856
542 0
543 0
544 0
545 0
546 0
547 0
548 0
549 0
550 0
551 0
552 0
553 0
554 0
555 0
556 0
557 0
558 0
559 210
560 3146
561 0
562 0
563 0
564 0
565 104
566 0
567 0
568 0
569 0
570 917
571 480
572 0
573 0
574 3010
575 0
576 0
577 0
578 0
579 104
580 0
581 257
582 0
583 557
584 413
585 0
586 0
587 0
588 0
589 422
590 3041
591 0
592 0
593 0
594 0
595 104
596 0
597 0
598 0
599 0
600 871
601 480
602 0
603 0
604 0
605 0
606 480
607 278
608 0
609 0
610 0
611 0
612 0
613 0
614 0
615 2252750
616 2088448
617 26599
618 575571
619 1606544
620 2119
621 429
622 0
623 11930
624 1605504
625 585
626 0
627 0
628 0
629 464827
630 1687695
631 46852
632 0
633 0
634 0
635 2017737
636 0
637 0
638 0
639 52
640 1954635
641 1207
642 0
643 463339
644 0
645 0
646 1944000
647 154494
648 0
649 244
650 3094
651 1950733
652 0
653 0
654 0
655 585
656 1663619
657 0
658 609057
659 0
660 883
661 991500
662 903533
663 0
664 0
665 0
666 0
667 1875165
668 0
669 0
670 0
671 0
672 361
673 1173000
674 464911
675 133448
676 150
677 1488275
678 535523
679 1568
680 1638
681 0
682 0
683 2032442
684 0
685 414
686 0
687 0
688 0
689 2049373
690 1108
691 0
692 0
693 2464398
694 0
695 52
696 0
697 0
698 0
699 1898277
700 0
701 0
702 0
703 361
704 78000
705 1980000
706 25253
707 0
708 534285
709 1568
710 2048202
711 0
712 0
713 0
714 408
715 2040508
716 7448
717 23896
718 0
719 0
720 335220
721 1748364
722 0
723 0
724 0
725 0
726 0
727 2557101
728 0
729 0
730 0
731 0
732 98
733 0
734 98
735 0
736 0
737 1958758
738 0
739 112
740 3094
741 0
742 0
743 361
744 0
745 414
746 0
747 213000
748 1619966
749 0
750 0
751 0
752 0
753 555207
754 258
755 0
756 2322
757 0
758 0
759 2003801
760 0
761 0
762 0
763 0
764 0
765 0
766 0
767 361
768 0
769 1873657
770 1638
771 0
772 0
773 0
774 0
775 414
776 0
777 0
778 0
779 52
780 1913179
781 0
782 0
783 0
784 0
785 588261
786 104
787 52
788 0
789 0
790 0
791 1567305
792 0
793 0
794 258
795 0
796 0
797 0
798 0
799 165
800 3402
801 104
802 1929192
803 0
804 0
805 4117
806 357
807 0
808 0
809 0
810 0
811 0
812 2431655
813 0
814 150
815 0
816 0
817 0
818 0
819 0
820 0
821 0
822 2001223
823 0
824 0
825 0
826 108708
827 0
828 0
829 165
830 3402
831 0
832 52
833 0
834 1749212
835 585
836 0
837 0
838 0
839 0
840 888
841 0
842 0
843 0
844 2409891
845 0
846 0
847 0
848 0
849 0
850 0
851 0
852 0
853 0
854 52
855 1992490
856 0
857 0
858 0
859 1568
860 1638
861 0
862 0
863 0
864 0
865 2098332
866 135
867 0
868 0
869 361
870 703
871 0
872 0
873 98
874 3439
875 52
876 0
877 1391071
878 955348
879 104
880 0
881 0
882 104
883 0
884 0
885 0
886 0
887 2024846
888 0
889 1929
890 1638
891 0
892 0
893 0
894 0
895 585
896 0
897 1849001
898 0
899 0
900 740
901 0
902 0
903 531200
904 0
905 0
906 0
907 0
908 1408396
909 493023
910 0
911 361
912 0
913 0
914 258
915 0
916 0
917 0
918 653237
919 911108
920 1638
921 0
922 0
923 0
924 0
925 585
926 0
927 156
928 0
929 52
930 1911667
931 0
932 0
933 0
934 532391
935 361
936 0
937 0
938 0
939 0
940 0
941 0
942 0
943 0
944 52
945 1549755
946 0
947 0
948 0
949 165
950 3041
951 0
952 0
953 0
954 258
955 637
956 1914069
957 0
958 0
959 0
960 0
961 0
962 0
963 0
964 0
965 0
966 52
967 2161290
968 52
969 0
970 0
971 0
972 0
973 0
974 0
975 0
976 0
977 586136
978 1244198
979 0
980 3206
981 0
982 0
983 0
984 0
985 414
986 0
987 0
988 52
989 1663024
990 0
991 0
992 0
993 489530
994 258
995 0
996 361
997 0
998 0
999 2106106
1000 0
1001 0
1002 0
1003 0
1004 0
1005 0
1006 0
1007 0
1008 0
1009 1620
1010 1638
1011 0
1012 361
1013 0
1014 0
1015 2036084
1016 0
1017 0
1018 0
1019 0
1020 0
1021 0
1022 0
1023 0
1024 0
1025 2501582
1026 0
1027 0
1028 0
1029 0
1030 0
1031 0
1032 0
1033 0
1034 429
1035 52
1036 1512000
1037 556133
1038 0
1039 165
1040 3041
1041 0
1042 0
1043 0
1044 0
1045 414
1046 1753500
1047 164189
1048 0
1049 0
1050 0
1051 0
1052 0
1053 0
1054 0
1055 0
1056 0
1057 52
1058 2307761
1059 0
1060 0
1061 361
1062 0
1063 0
1064 0
1065 0
1066 0
1067 0
1068 1665000
1069 59698
1070 3094
1071 0
1072 0
1073 0
1074 429
1075 414
1076 0
1077 0
1078 0
1079 1561787
1080 1011
1081 0
1082 309
1083 52
1084 564334
1085 0
1086 0
1087 0
1088 0
1089 1319948
1090 357115
1091 0
1092 0
1093 0
1094 0
1095 0
1096 0
1097 0
1098 0
1099 165
1100 3093
1101 1953823
1102 3238
1103 876
1104 0
1105 414
1106 0
1107 0
1108 0
1109 0
1110 689
1111 2076198
1112 361
1113 0
1114 258
1115 0
1116 0
1117 518570
1118 0
1119 0
1120 0
1121 1956962
1122 0
1123 0
1124 0
1125 0
1126 0
1127 0
1128 0
1129 1568
1130 1638
1131 52
1132 1087500
1133 938786
1134 0
1135 414
1136 0
1137 0
1138 0
1139 0
1140 1070
1141 0
1142 0
1143 2476138
1144 0
1145 0
1146 0
1147 0
1148 0
1149 0
1150 0
1151 0
1152 0
1153 52
1154 921429
1155 1000597
1156 0
1157 0
1158 0
1159 165
1160 3041
1161 0
1162 0
1163 135
1164 1778375
1165 585
1166 0
1167 0
1168 0
1169 0
1170 0
1171 0
1172 0
1173 0
1174 3062
1175 2616677
1176 79473
1177 0
1178 0
1179 104
1180 0
1181 0
1182 0
1183 0
1184 0
1185 361
1186 1962773
1187 0
1188 0
1189 165
1190 3041
1191 0
1192 0
1193 0
1194 429
1195 585
1196 1744276
1197 0
1198 0
1199 0
1200 0
1201 0
1202 0
1203 0
1204 0
1205 0
1206 52
1207 1774520
1208 0
1209 0
1210 0
1211 361
1212 0
1213 593618
1214 0
1215 0
1216 0
1217 1315500
1218 628940
1219 165
1220 3041
1221 0
1222 0
1223 0
1224 0
1225 414
1226 0
1227 0
1228 52
1229 1888900
1230 0
1231 0
1232 0
1233 0
1234 429
1235 0
1236 0
1237 0
1238 0
1239 1998210
1240 0
1241 0
1242 0
1243 0
1244 0
1245 0
1246 0
1247 0
1248 0
1249 217
1250 614994
1251 0
1252 0
1253 0
1254 0
1255 1727529
1256 0
1257 0
1258 0
1259 0
1260 0
1261 0
1262 0
1263 0
1264 0
1265 52
1266 1878607
1267 309
1268 52
1269 0
1270 0
1271 361
1272 0
1273 0
1274 429
1275 0
1276 610500
1277 1271948
1278 203578
1279 165
1280 3041
1281 0
1282 0
1283 0
1284 0
1285 414
1286 0
1287 0
1288 1901796
1289 0
1290 0
1291 0
1292 602878
1293 0
1294 0
1295 0
1296 0
1297 0
1298 1840893
1299 0
1300 0
1301 0
1302 0
1303 0
1304 0
1305 0
1306 0
1307 0
1308 1727300
1309 1568
1310 1638
1311 0
1312 0
1313 0
1314 429
1315 585
1316 0
1317 0
1318 52
1319 1851836
1320 0
1321 0
1322 0
1323 0
1324 0
1325 0
1326 0
1327 0
1328 0
1329 226552
1330 1413521
1331 0
1332 0
1333 0
1334 0
1335 473979
1336 468
1337 3542
1338 52
1339 112
1340 3094
1341 1465049
1342 0
1343 0
1344 0
1345 585
1346 0
1347 0
1348 0
1349 0
1350 783
1351 2023862
1352 0
1353 0
1354 429
1355 0
1356 0
1357 0
1358 0
1359 0
1360 0
1361 52
1362 517581
1363 0
1364 0
1365 0
1366 0
1367 729000
1368 1235896
1369 107835
1370 3094
1371 0
1372 0
1373 0
1374 0
1375 414
1376 0
1377 0
1378 0
1379 52
1380 932
1381 0
1382 0
1383 2067648
1384 0
1385 0
1386 0
1387 0
1388 0
1389 0
1390 0
1391 0
1392 0
1393 52
1394 429
1395 0
1396 0
1397 0
1398 0
1399 165
1400 3041
1401 0
1402 0
1403 413
1404 0
1405 414
1406 0
1407 0
1408 0
1409 0
1410 870
1411 0
1412 0
1413 184
1414 0
1415 0
1416 0
1417 0
1418 0
1419 0
1420 0
1421 0
1422 0
1423 0
1424 0
1425 0
1426 0
1427 361
1428 0
1429 112
1430 3094
1431 0
1432 0
1433 0
1434 258
1435 585
1436 0
1437 258
1438 0
1439 0
1440 0
1441 0
1442 0
1443 0
1444 0
1445 0
1446 0
1447 781
1448 0
1449 258
1450 0
1451 0
1452 0
1453 0
1454 0
1455 0
1456 0
1457 0
1458 0
1459 2434
1460 1638
1461 0
1462 0
1463 0
1464 0
1465 414
1466 361
1467 0
1468 0
1469 0
1470 0
1471 0
1472 0
1473 0
1474 3439
1475 0
1476 0
1477 0
1478 0
1479 413
1480 52
1481 0
1482 0
1483 0
1484 0
1485 0
1486 0
1487 0
1488 0
1489 165
1490 3041
1491 0
1492 0
1493 0
1494 0
1495 414
1496 0
1497 0
1498 0
1499 0
1500 0
1501 0
1502 0
1503 0
1504 0
1505 0
1506 0
1507 0
1508 0
1509 0
1510 0
1511 842
1512 0
1513 0
1514 429
1515 1479
1516 52
1517 0
1518 0
1519 112
1520 3854
1521 1065
1522 52
1523 0
1524 0
1525 52
1526 104
1527 0
1528 1670334
1529 809283
1530 1302321
1531 874172
1532 10639
1533 7819
1534 309
1535 105021
1536 304949
1537 1905993
1538 641
1539 683
1540 0
1541 52
1542 0
1543 0
1544 0
1545 0
1546 458429
1547 433
1548 0
1549 112
1550 3094
1551 2107401
1552 0
1553 0
1554 0
1555 104
1556 0
1557 433
1558 0
1559 1610011
1560 912
1561 439290
1562 0
1563 0
1564 72000
1565 619500
1566 575948
1567 131948
1568 308044
1569 356252
1570 0
1571 0
1572 0
1573 0
1574 0
1575 0
1576 0
1577 755495
1578 650391
1579 456008
1580 478121
1581 0
1582 0
1583 0
1584 0
1585 104
1586 0
1587 150
1588 0
1589 150
1590 1093
1591 600
1592 444633
1593 0
1594 309
1595 485
1596 693804
1597 623586
1598 314
1599 0
1600 0
1601 0
1602 0
1603 0
1604 0
1605 0
1606 0
1607 64
1608 454722
1609 112
1610 3094
1611 0
1612 1309500
1613 648525
1614 0
1615 104
1616 94448
1617 0
1618 0
1619 0
1620 183876
1621 14948
1622 298396
1623 649032
1624 0
1625 0
1626 243311
1627 594717
1628 538
1629 0
1630 209867
1631 361
1632 0
1633 0
1634 0
1635 433
1636 1283844
1637 0
1638 361
1639 1014495
1640 3146
1641 0
1642 0
1643 0
1644 0
1645 202
1646 0
1647 64
1648 98
1649 444
1650 937
1651 0
1652 0
1653 1818000
1654 220934
1655 0
1656 0
1657 0
1658 485
1659 0
1660 184
1661 0
1662 0
1663 0
1664 455706
1665 0
1666 230948
1667 199877
1668 73344
1669 1568
1670 1638
1671 0
1672 0
1673 0
1674 0
1675 537
1676 0
1677 0
1678 52
1679 0
1680 661
1681 0
1682 0
1683 0
1684 0
1685 0
1686 0
1687 0
1688 537
1689 267
1690 361
1691 0
1692 0
1693 0
1694 281948
1695 1210850
1696 0
1697 0
1698 0
1699 1077
1700 3197
1701 0
1702 0
1703 208
1704 0
1705 156
1706 0
1707 361
1708 0
1709 0
1710 913
1711 387000
1712 649448
1713 649196
1714 53844
1715 433
1716 0
1717 0
1718 485
1719 0
1720 0
1721 0
1722 0
1723 1124201
1724 547448
1725 572948
1726 11857
1727 0
1728 0
1729 1568
1730 1638
1731 1268
1732 0
1733 1202948
1734 278148
1735 104
1736 0
1737 0
1738 0
1739 0
1740 1130
1741 52
1742 0
1743 556448
1744 511188
1745 649500
1746 359938
1747 0
1748 583
1749 0
1750 0
1751 0
1752 0
1753 0
1754 508684
1755 433
1756 0
1757 0
1758 361
1759 364665
1760 650937
1761 619500
1762 542639
1763 0
1764 0
1765 104
1766 0
1767 0
1768 0
1769 777
1770 530857
1771 0
1772 0
1773 0
1774 3010
1775 0
1776 0
1777 0
1778 314
1779 104
1780 52
1781 267
1782 0
1783 0
1784 0
1785 0
1786 0
1787 0
1788 0
1789 112
1790 3198
1791 882
1792 0
1793 0
1794 0
1795 898
1796 157552
1797 616448
1798 740950
1799 0
1800 0
1801 0
1802 0
1803 0
1804 0
1805 0
1806 0
1807 600052
1808 957672
1809 0
1810 0
1811 0
1812 0
1813 529571
1814 0
1815 0
1816 0
1817 3238
1818 1005667
1819 435875
1820 3094
1821 0
1822 0
1823 0
1824 0
1825 104
1826 0
1827 0
1828 0
1829 741052
1830 648792
1831 454344
1832 143554
1833 0
1834 0
1835 433
1836 0
1837 0
1838 485
1839 1911449
1840 0
1841 267
1842 0
1843 361
1844 0
1845 471071
1846 0
1847 0
1848 0
1849 1568
1850 100638
1851 1214863
1852 647014
1853 125870
1854 309
1855 156
1856 0
1857 0
1858 0
1859 0
1860 0
1861 1200808
1862 459000
1863 422262
1864 0
1865 0
1866 0
1867 0
1868 485
1869 0
1870 0
1871 0
1872 400396
1873 69370
1874 0
1875 1172
1876 0
1877 0
1878 135
1879 0
1880 3206
1881 0
1882 64
1883 494792
1884 328396
1885 622629
1886 0
1887 77948
1888 0
1889 0
1890 823
1891 0
1892 0
1893 0
1894 0
1895 0
1896 0
1897 52
1898 969366
1899 794947
1900 0
1901 0
1902 0
1903 361
1904 303229
1905 0
1906 0
1907 0
1908 0
1909 60
1910 3094
1911 0
1912 0
1913 0
1914 436745
1915 366
1916 0
1917 0
1918 0
1919 0
1920 862
1921 0
1922 0
1923 0
1924 52
1925 0
1926 0
1927 0
1928 314
1929 0
1930 0
1931 0
1932 0
1933 0
1934 52
1935 0
1936 0
1937 0
1938 0
1939 165
1940 3041
1941 0
1942 0
1943 267
1944 184
1945 104
1946 0
1947 0
1948 0
1949 0
1950 994
1951 0
1952 0
1953 0
1954 0
1955 262
1956 0
1957 0
1958 314
1959 0
1960 0
1961 0
1962 0
1963 0
1964 0
1965 0
1966 0
1967 0
1968 0
1969 165
1970 3041
1971 0
1972 0
1973 0
1974 309
1975 156
1976 0
1977 0
1978 0
1979 0
1980 0
1981 0
1982 0
1983 0
1984 0
1985 0
1986 0
1987 0
1988 485
1989 0
1990 0
1991 0
1992 0
1993 0
1994 756
1995 433
1996 52
1997 0
1998 0
1999 1568
2000 1638
2001 0
2002 0
2003 0
2004 0
2005 104
2006 0
2007 0
2008 0
2009 0
2010 0
2011 0
2012 0
2013 0
2014 0
2015 0
2016 0
2017 0
2018 595
2019 64
2020 0
2021 0
2022 0
2023 0
2024 0
2025 0
2026 0
2027 0
2028 0
2029 112
2030 3094
2031 0
2032 680
2033 0
2034 0
2035 537
2036 0
2037 0
2038 0
2039 0
2040 0
2041 361
2042 849
2043 0
2044 0
2045 0
2046 678
2047 0
2048 0
2049 0
2050 0
2051 0
2052 0
2053 0
2054 10039
2055 1065575
2056 706083
2057 273522
2058 416420
2059 148601
2060 438985
2061 607519
2062 532812
2063 310901
2064 1037887
2065 1041
2066 0
2067 0
2068 0
2069 573976
2070 798995
2071 0
2072 0
2073 522495
2074 3318
2075 1277696
2076 857391
2077 0
2078 0
2079 104
2080 0
2081 0
2082 0
2083 955120
2084 999085
2085 264
2086 0
2087 0
2088 648569
2089 1568
2090 1638
2091 0
2092 427
2093 766912
2094 584616
2095 439567
2096 129484
2097 0
2098 0
2099 0
2100 0
2101 0
2102 0
2103 0
2104 0
2105 1248112
2106 427535
2107 0
2108 642584
2109 0
2110 0
2111 0
2112 0
2113 150
2114 0
2115 1369314
2116 619143
2117 0
2118 300
2119 360
2120 3146
2121 0
2122 0
2123 0
2124 479
2125 878571
2126 773960
2127 477379
2128 35328
2129 603128
2130 0
2131 0
2132 256
2133 0
2134 94912
2135 932
2136 791176
2137 1048064
2138 25325
2139 0
2140 361
2141 0
2142 309
2143 52
2144 0
2145 0
2146 322368
2147 378252
2148 1029198
2149 635140
2150 1638
2151 0
2152 0
2153 0
2154 846760
2155 640372
2156 395707
2157 0
2158 0
2159 0
2160 782
2161 0
2162 0
2163 679804
2164 941872
2165 212266
2166 0
2167 0
2168 637188
2169 0
2170 0
2171 0
2172 525
2173 0
2174 1236486
2175 0
2176 196
2177 376924
2178 225304
2179 165
2180 3041
2181 468197
2182 1293628
2183 215654
2184 479
2185 104
2186 0
2187 0
2188 0
2189 0
2190 909
2191 0
2192 0
2193 52
2194 646364
2195 0
2196 648060
2197 851917
2198 0
2199 0
2200 0
2201 0
2202 0
2203 0
2204 0
2205 0
2206 0
2207 52
2208 0
2209 165
2210 1466209
2211 386980
2212 114847
2213 0
2214 479
2215 104
2216 0
2217 0
2218 0
2219 0
2220 731
2221 0
2222 52
2223 0
2224 0
2225 361
2226 52
2227 52
2228 0
2229 1214400
2230 452984
2231 0
2232 361
2233 0
2234 0
2235 0
2236 0
2237 0
2238 0
2239 112
2240 3146
2241 455810
2242 185420
2243 0
2244 479
2245 104
2246 0
2247 0
2248 0
2249 0
2250 1042176
2251 578425
2252 427
2253 0
2254 0
2255 1088
2256 0
2257 0
2258 0
2259 0
2260 0
2261 52
2262 0
2263 0
2264 0
2265 0
2266 437080
2267 880100
2268 640496
2269 150205
2270 3041
2271 0
2272 0
2273 0
2274 308
2275 104
2276 361
2277 0
2278 0
2279 641620
2280 0
2281 0
2282 1206936
2283 556364
2284 0
2285 0
2286 278326
2287 0
2288 0
2289 0
2290 0
2291 0
2292 427
2293 0
2294 0
2295 508719
2296 444696
2297 212541
2298 0
2299 112
2300 3094
2301 0
2302 0
2303 0
2304 479
2305 156
2306 0
2307 0
2308 0
2309 0
2310 0
2311 0
2312 0
2313 0
2314 0
2315 52
2316 0
2317 361
2318 0
2319 821865
2320 1091973
2321 0
2322 0
2323 0
2324 0
2325 0
2326 0
2327 0
2328 0
2329 112
2330 3146
2331 0
2332 52
2333 204
2334 308
2335 104
2336 0
2337 0
2338 0
2339 0
2340 52
2341 508339
2342 1289316
2343 323784
2344 0
2345 0
2346 0
2347 0
2348 0
2349 513057
2350 7360
2351 108824
2352 0
2353 0
2354 0
2355 0
2356 309
2357 52
2358 0
2359 165
2360 3041
2361 52
2362 0
2363 1183448
2364 333223
2365 104
2366 0
2367 0
2368 0
2369 0
2370 0
2371 0
2372 256
2373 0
2374 3062
2375 756422
2376 361
2377 0
2378 0
2379 104
2380 0
2381 0
2382 0
2383 0
2384 0
2385 52
2386 0
2387 0
2388 0
2389 1568
2390 1638
2391 0
2392 0
2393 0
2394 256
2395 208
2396 0
2397 0
2398 0
2399 0
2400 0
2401 0
2402 0
2403 0
2404 0
2405 132
2406 0
2407 0
2408 0
2409 0
2410 0
2411 0
2412 256
2413 0
2414 0
2415 0
2416 0
2417 361
2418 0
2419 1568
2420 1638
2421 0
2422 0
2423 0
2424 479
2425 104
2426 0
2427 0
2428 0
2429 0
2430 0
2431 0
2432 0
2433 0
2434 0
2435 0
2436 0
2437 0
2438 0
2439 0
2440 0
2441 0
2442 361
2443 0
2444 0
2445 0
2446 0
2447 0
2448 361
2449 60
2450 3146
2451 0
2452 427
2453 0
2454 479
2455 104
2456 0
2457 0
2458 0
2459 0
2460 0
2461 0
2462 0
2463 0
2464 0
2465 0
2466 0
2467 0
2468 0
2469 0
2470 0
2471 0
2472 0
2473 0
2474 0
2475 0
2476 0
2477 0
2478 0
2479 60
2480 3146
2481 0
2482 0
2483 0
2484 577
2485 104
2486 0
2487 0
2488 0
2489 0
2490 0
2491 0
2492 480
2493 0
2494 0
2495 0
2496 0
2497 0
2498 361
2499 0
2500 0
2501 0
2502 0
2503 0
2504 5519
2505 0
2506 0
2507 0
2508 0
2509 112
2510 3094
2511 0
2512 0
2513 0
2514 583
2515 104
2516 0
2517 0
2518 0
2519 0
2520 737
2521 666
2522 0
2523 0
2524 104
2525 0
2526 0
2527 0
2528 0
2529 18134
2530 899320
2531 1228032
2532 529437
2533 649861
2534 595660
2535 539841
2536 7701
2537 290757
2538 0
2539 66626
2540 529752
2541 569062
2542 406191
2543 528330
2544 0
2545 104
2546 424
2547 0
2548 0
2549 295500
2550 1227098
2551 0
2552 0
2553 0
2554 0
2555 322500
2556 82924
2557 574292
2558 584792
2559 584861
2560 181506
2561 1939560
2562 133587
2563 0
2564 2991
2565 488109
2566 1258364
2567 0
2568 0
2569 1248
2570 3250
2571 989115
2572 574448
2573 0
2574 0
2575 159052
2576 622709
2577 370324
2578 0
2579 1499164
2580 1102
2581 52
2582 0
2583 0
2584 0
2585 1132396
2586 639109
2587 52
2588 0
2589 150
2590 808500
2591 640450
2592 254879
2593 0
2594 597897
2595 427500
2596 230896
2597 883538
2598 135
2599 537
2600 3146
2601 1484350
2602 187
2603 0
2604 0
2605 104
2606 97552
2607 1904376
2608 61300
2609 0
2610 909
2611 254
2612 804052
2613 874127
2614 0
2615 0
2616 984213
2617 1123448
2618 267766
2619 0
2620 0
2621 0
2622 1078770
2623 658978
2624 21790
2625 0
2626 0
2627 0
2628 1490964
2629 367
2630 3146
2631 0
2632 0
2633 502500
2634 27582
2635 104
2636 1992843
2637 0
2638 0
2639 0
2640 2327
2641 0
2642 0
2643 52
2644 0
2645 0
2646 413
2647 98
2648 0
2649 0
2650 0
2651 427
2652 233
2653 294
2654 0
2655 1309500
2656 382500
2657 340977
2658 0
2659 2047
2660 552408
2661 0
2662 0
2663 0
2664 0
2665 104
2666 0
2667 0
2668 0
2669 0
2670 792
2671 1846448
2672 107323
2673 0
2674 3010
2675 0
2676 0
2677 0
2678 0
2679 0
2680 104
2681 0
2682 216046
2683 85234
2684 847136
2685 516000
2686 101048
2687 100
2688 4256
2689 539
2690 1990
2691 1635
2692 1606556
2693 254615
2694 0
2695 0
2696 104
2697 0
2698 0
2699 0
2700 1070
2701 0
2702 325500
2703 0
2704 300078
2705 645868
2706 283500
2707 316448
2708 475407
2709 0
2710 0
2711 0
2712 0
2713 0
2714 0
2715 0
2716 0
2717 0
2718 52
2719 766928
2720 568586
2721 618003
2722 0
2723 0
2724 63000
2725 104
2726 4010
2727 0
2728 0
2729 0
2730 819
2731 427
2732 0
2733 0
2734 52
2735 366052
2736 1254000
2737 213384
2738 0
2739 0
2740 512607
2741 0
2742 162
2743 0
2744 0
2745 0
2746 0
2747 361
2748 52
2749 420
2750 3146
2751 138000
2752 0
2753 0
2754 662896
2755 1008072
2756 0
2757 0
2758 0
2759 0
2760 0
2761 1477500
2762 590824
2763 0
2764 0
2765 0
2766 0
2767 0
2768 0
2769 0
2770 0
2771 427
2772 1268271
2773 1287000
2774 100479
2775 0
2776 0
2777 0
2778 0
2779 591
2780 3094
2781 0
2782 309
2783 52
2784 52
2785 104
2786 0
2787 0
2788 192000
2789 644896
2790 630724
2791 37448
2792 382927
2793 0
2794 0
2795 156
2796 0
2797 0
2798 620616
2799 0
2800 0
2801 0
2802 0
2803 361
2804 413304
2805 649448
2806 1035411
2807 0
2808 0
2809 479
2810 3206
2811 427
2812 0
2813 0
2814 0
2815 104
2816 52
2817 0
2818 0
2819 0
2820 1500408
2821 633117
2822 4500
2823 0
2824 0
2825 0
2826 0
2827 0
2828 0
2829 0
2830 0
2831 0
2832 52
2833 0
2834 0
2835 0
2836 900056
2837 542896
2838 411901
2839 644
2840 3041
2841 275948
2842 251629
2843 361
2844 0
2845 104
2846 0
2847 0
2848 0
2849 0
2850 967
2851 256
2852 52
2853 730861
2854 617792
2855 404528
2856 0
2857 0
2858 0
2859 0
2860 0
2861 0
2862 0
2863 0
2864 0
2865 52
2866 0
2867 0
2868 0
2869 900217
2870 601812
2871 645000
2872 5036
2873 428519
2874 0
2875 104
2876 0
2877 0
2878 0
2879 0
2880 833
2881 0
2882 0
2883 52
2884 139861
2885 1298195
2886 85396
2887 0
2888 0
2889 0
2890 0
2891 427
2892 0
2893 0
2894 0
2895 0
2896 52
2897 0
2898 0
2899 473
2900 3041
2901 0
2902 0
2903 0
2904 0
2905 465
2906 52
2907 0
2908 0
2909 0
2910 1097
2911 0
2912 0
2913 0
2914 0
2915 0
2916 52
2917 132
2918 0
2919 0
2920 0
2921 0
2922 0
2923 0
2924 0
2925 0
2926 0
2927 0
2928 0
2929 420
2930 3094
2931 427
2932 0
2933 0
2934 0
2935 104
2936 0
2937 0
2938 0
2939 0
2940 0
2941 0
2942 0
2943 0
2944 0
2945 0
2946 0
2947 0
2948 0
2949 0
2950 0
2951 0
2952 0
2953 309
2954 217
2955 1729
2956 0
2957 1116
2958 0
2959 308
2960 0
2961 0
2962 104
2963 0
2964 0
2965 0
2966 0
2967 0
2968 0
2969 0
2970 0
2971 427
2972 0
2973 0
2974 3010
2975 0
2976 0
2977 104
2978 1227
2979 0
2980 0
2981 0
2982 0
2983 104
2984 0
2985 0
2986 0
2987 361
2988 0
2989 479
2990 0
2991 0
2992 0
2993 0
2994 447
2995 0
2996 0
2997 0
2998 0
2999 0
3000 0
3001 0
3002 0
3003 447
3004 0
3005 0
3006 0
3007 0
3008 0
3009 1568
3010 1658
3011 427
3012 0
3013 732
3014 1169
3015 104
3016 0
3017 0
3018 0
3019 0
3020 0
3021 756
3022 337741
3023 364769
3024 671351
3025 117816
3026 646500
3027 652676
3028 1273043
3029 0
3030 0
3031 633320
3032 394843
3033 872
3034 429
3035 0
3036 0
3037 0
3038 891056
3039 0
3040 0
3041 649983
3042 639025
3043 192451
3044 571943
3045 295448
3046 748759
3047 104
3048 739500
3049 636000
3050 0
3051 0
3052 27156
3053 234988
3054 1845621
3055 121500
3056 564000
3057 14552
3058 0
3059 129431
3060 626948
3061 602896
3062 640959
3063 59060
3064 0
3065 0
3066 0
3067 54453
3068 0
3069 199500
3070 566688
3071 1254290
3072 6978
3073 1200
3074 3166
3075 4031
3076 0
3077 858186
3078 560792
3079 640448
3080 49448
3081 177418
3082 840098
3083 643442
3084 0
3085 52
3086 192449
3087 352
3088 1960106
3089 1894
3090 53104
3091 361
3092 483
3093 0
3094 0
3095 291
3096 875942
3097 340635
3098 805500
3099 225966
3100 0
3101 0
3102 0
3103 0
3104 0
3105 1568
3106 1658
3107 190448
3108 532448
3109 1271310
3110 118448
3111 104
3112 0
3113 0
3114 0
3115 0
3116 134948
3117 648719
3118 631500
3119 975349
3120 1036
3121 0
3122 483
3123 0
3124 0
3125 1191000
3126 649500
3127 128296
3128 0
3129 0
3130 0
3131 0
3132 52
3133 0
3134 116252
3135 1297760
3136 514033
3137 1568
3138 1658
3139 483
3140 1357
3141 539672
3142 0
3143 0
3144 196
3145 1503
3146 52
3147 0
3148 260
3149 0
3150 940
3151 52
3152 312
3153 0
3154 0
3155 0
3156 0
3157 1680435
3158 0
3159 0
3160 0
3161 0
3162 0
3163 0
3164 0
3165 361
3166 0
3167 52
3168 515432
3169 165
3170 3041
3171 0
3172 1146000
3173 753097
3174 0
3175 104
3176 361
3177 0
3178 0
3179 431
3180 811
3181 0
3182 312
3183 52
3184 325500
3185 0
3186 0
3187 37344
3188 1174396
3189 596289
3190 0
3191 0
3192 0
3193 104
3194 591595
3195 104
3196 0
3197 0
3198 156
3199 956912
3200 289638
3201 118344
3202 610448
3203 123409
3204 0
3205 104
3206 0
3207 260
3208 0
3209 0
3210 683
3211 0
3212 483
3213 52
3214 0
3215 0
3216 275948
3217 0
3218 0
3219 483104
3220 557841
3221 637048
3222 0
3223 0
3224 0
3225 0
3226 0
3227 649448
3228 649500
3229 391640
3230 49482
3231 0
3232 0
3233 0
3234 0
3235 104
3236 361
3237 64
3238 206948
3239 178240
3240 136022
3241 0
3242 483
3243 0
3244 0
3245 467
3246 82292
3247 185792
3248 1203457
3249 649512
3250 643932
3251 418734
3252 312
3253 0
3254 0
3255 0
3256 0
3257 52
3258 613809
3259 648
3260 3093
3261 640500
3262 0
3263 0
3264 409136
3265 58604
3266 362688
3267 0
3268 0
3269 2760
3270 52
3271 0
3272 0
3273 40500
3274 505396
3275 420824
3276 3062
3277 0
3278 0
3279 0
3280 248
3281 537305
3282 483
3283 0
3284 0
3285 0
3286 768052
3287 224130
3288 1034824
3289 165
3290 13593
3291 518896
3292 649396
3293 0
3294 0
3295 647948
3296 219042
3297 0
3298 0
3299 431
3300 0
3301 0
3302 244133
3303 0
3304 0
3305 0
3306 64
3307 647844
3308 597776
3309 0
3310 0
3311 0
3312 483
3313 0
3314 0
3315 0
3316 0
3317 361
3318 52
3319 112
3320 3094
3321 0
3322 0
3323 1500
3324 361
3325 104
3326 0
3327 0
3328 52
3329 0
3330 0
3331 0
3332 0
3333 0
3334 0
3335 0
3336 0
3337 0
3338 132
3339 553
3340 0
3341 0
3342 5657
3343 0
3344 0
3345 0
3346 0
3347 0
3348 0
3349 60
3350 3535
3351 0
3352 0
3353 0
3354 0
3355 104
3356 0
3357 0
3358 0
3359 0
3360 902
3361 0
3362 0
3363 0
3364 0
3365 0
3366 0
3367 0
3368 0
3369 0
3370 0
3371 0
3372 473
3373 0
3374 0
3375 0
3376 0
3377 0
3378 0
3379 415
3380 3041
3381 0
3382 0
3383 0
3384 0
3385 104
3386 0
3387 0
3388 309
3389 52
3390 0
3391 0
3392 0
3393 0
3394 361
3395 0
3396 0
3397 0
3398 0
3399 0
3400 0
3401 0
3402 302
3403 0
3404 0
3405 0
3406 0
3407 0
3408 0
3409 1568
3410 1638
3411 0
3412 0
3413 0
3414 0
3415 104
3416 0
3417 0
3418 0
3419 421
3420 0
3421 0
3422 0
3423 0
3424 0
3425 0
3426 0
3427 0
3428 0
3429 0
3430 0
3431 0
3432 302
3433 0
3434 0
3435 0
3436 0
3437 0
3438 0
3439 60
3440 3146
3441 0
3442 0
3443 0
3444 0
3445 104
3446 0
3447 0
3448 60
3449 4113
3450 744
3451 0
3452 0
3453 0
3454 0
3455 0
3456 0
3457 361
3458 235280
3459 449937
3460 14111
3461 448
3462 0
3463 0
3464 12724
3465 52
3466 551162
3467 984600
3468 1376353
3469 654194
3470 1165256
3471 248895
3472 244507
3473 1292312
3474 42584
3475 401597
3476 0
3477 413
3478 52
3479 0
3480 494515
3481 1266206
3482 284967
3483 0
3484 0
3485 0
3486 0
3487 1239540
3488 213468
3489 0
3490 52
3491 361
3492 0
3493 0
3494 0
3495 741867
3496 187937
3497 184
3498 302
3499 1568
3500 1638
3501 0
3502 157977
3503 0
3504 0
3505 104
3506 634328
3507 647628
3508 0
3509 135
3510 0
3511 0
3512 0
3513 0
3514 1191669
3515 45528
3516 117656
3517 150
3518 1221760
3519 150359
3520 0
3521 0
3522 647640
3523 0
3524 52
3525 0
3526 0
3527 600
3528 473
3529 732194
3530 3041
3531 1253
3532 0
3533 0
3534 52
3535 104
3536 709494
3537 803448
3538 0
3539 749
3540 1046516
3541 475966
3542 645798
3543 19084
3544 1570516
3545 164812
3546 303128
3547 649513
3548 0
3549 0
3550 27916
3551 646052
3552 317028
3553 0
3554 468953
3555 0
3556 0
3557 52
3558 553945
3559 597692
3560 525498
3561 19084
3562 375876
3563 250
3564 413
3565 104
3566 0
3567 634628
3568 0
3569 0
3570 0
3571 0
3572 0
3573 772
3574 1130562
3575 889833
3576 647674
3577 642998
3578 649048
3579 10054
3580 0
3581 0
3582 421
3583 0
3584 0
3585 52
3586 392
3587 0
3588 628544
3589 165
3590 3041
3591 0
3592 0
3593 0
3594 0
3595 466728
3596 151564
3597 535756
3598 740897
3599 0
3600 0
3601 0
3602 0
3603 0
3604 0
3605 0
3606 0
3607 0
3608 104
3609 361
3610 0
3611 0
3612 0
3613 0
3614 1285004
3615 619715
3616 0
3617 0
3618 52
3619 1568
3620 1638
3621 0
3622 421
3623 0
3624 0
3625 438640
3626 361
3627 0
3628 473
3629 156
3630 635864
3631 641688
3632 89688
3633 317611
3634 0
3635 52
3636 0
3637 0
3638 0
3639 104
3640 104
3641 0
3642 0
3643 877
3644 0
3645 52
3646 0
3647 0
3648 0
3649 1568
3650 1638
3651 1738951
3652 0
3653 0
3654 0
3655 236
3656 0
3657 0
3658 302
3659 0
3660 0
3661 52
3662 234613
3663 202433
3664 0
3665 0
3666 0
3667 1249120
3668 605370
3669 0
3670 0
3671 361
3672 0
3673 52
3674 0
3675 0
3676 0
3677 0
3678 52
3679 112
3680 3094
3681 0
3682 0
3683 1190848
3684 0
3685 104
3686 145520
3687 799828
3688 302
3689 67448
3690 371868
3691 0
3692 0
3693 0
3694 0
3695 0
3696 0
3697 52
3698 0
3699 0
3700 52
3701 0
3702 421
3703 0
3704 64
3705 604888
3706 1127625
3707 0
3708 0
3709 112
3710 3146
3711 0
3712 0
3713 0
3714 361
3715 104
3716 440890
3717 0
3718 473
3719 0
3720 987764
3721 603468
3722 116132
3723 131860
3724 0
3725 0
3726 52
3727 0
3728 0
3729 0
3730 0
3731 0
3732 0
3733 52
3734 0
3735 0
3736 52
3737 0
3738 0
3739 1568
3740 1638
3741 0
3742 1272122
3743 264791
3744 0
3745 104
3746 184
3747 0
3748 665
3749 0
3750 407266
3751 0
3752 0
3753 52
3754 0
3755 0
3756 23896
3757 52
3758 634172
3759 42428
3760 1213203
3761 0
3762 0
3763 0
3764 0
3765 0
3766 52
3767 0
3768 250
3769 112
3770 3146
3771 0
3772 0
3773 0
3774 695112
3775 1187852
3776 166708
3777 0
3778 1081
3779 0
3780 276000
3781 159899
3782 250
3783 0
3784 0
3785 0
3786 52
3787 0
3788 361
3789 0
3790 0
3791 52
3792 0
3793 0
3794 0
3795 991416
3796 645948
3797 69132
3798 191711
3799 60
3800 3146
3801 413
3802 0
3803 0
3804 0
3805 104
3806 0
3807 28500
3808 535286
3809 0
3810 0
3811 0
3812 1288238
3813 232420
3814 0
3815 0
3816 0
3817 0
3818 52
3819 0
3820 0
3821 0
3822 250
3823 52
3824 0
3825 0
3826 0
3827 0
3828 1295308
3829 57400
3830 334206
3831 59715
3832 0
3833 0
3834 0
3835 104
3836 0
3837 0
3838 115421
3839 219328
3840 253184
3841 646208
3842 1472
3843 599052
3844 124658
3845 0
3846 0
3847 0
3848 0
3849 568757
3850 0
3851 0
3852 0
3853 0
3854 52
3855 0
3856 0
3857 0
3858 0
3859 528509
3860 652398
3861 32332
3862 858968
3863 0
3864 0
3865 104
3866 0
3867 0
3868 473
3869 413
3870 0
3871 423012
3872 111937
3873 0
3874 37510
3875 0
3876 0
3877 0
3878 0
3879 104
3880 0
3881 0
3882 52
3883 0
3884 52
3885 0
3886 0
3887 0
3888 0
3889 112
3890 3094
3891 390028
3892 1245260
3893 89740
3894 435675
3895 104
3896 0
3897 0
3898 302
3899 0
3900 0
3901 0
3902 421
3903 0
3904 184
3905 361
3906 0
3907 0
3908 0
3909 0
3910 0
3911 0
3912 0
3913 0
3914 52
3915 0
3916 0
3917 0
3918 92632
3919 631549
3920 647621
3921 526919
3922 0
3923 0
3924 0
3925 104
3926 0
3927 0
3928 473
3929 363
3930 522000
3931 52
3932 0
3933 18000
3934 0
3935 0
3936 25182
3937 0
3938 0
3939 0
3940 0
3941 52
3942 421
3943 0
3944 0
3945 149104
3946 644684
3947 1472
3948 1071844
3949 1568
3950 1638
3951 0
3952 0
3953 0
3954 0
3955 104
3956 52
3957 469841
3958 525
3959 0
3960 0
3961 0
3962 0
3963 0
3964 100448
3965 0
3966 0
3967 0
3968 52
3969 0
3970 0
3971 361
3972 410201
3973 0
3974 52
3975 0
3976 0
3977 52
3978 503268
3979 184519
3980 3146
3981 0
3982 421
3983 367927
3984 52
3985 104
3986 0
3987 64
3988 628097
3989 117760
3990 0
3991 0
3992 0
3993 284010
3994 184
3995 0
3996 0
3997 0
3998 595928
3999 649498
4000 0
4001 0
4002 641740
4003 97136
4004 473236
4005 0
4006 0
4007 0
4008 0
4009 1568
4010 1638
4011 0
4012 0
4013 52
4014 52
4015 104
4016 0
4017 0
4018 473
4019 0
4020 436576
4021 630016
4022 421
4023 562521
4024 52
4025 0
4026 0
4027 0
4028 0
4029 0
4030 0
4031 0
4032 279012
4033 255488
4034 0
4035 0
4036 0
4037 0
4038 0
4039 165
4040 588845
4041 624281
4042 618
4043 52
4044 113549
4045 784512
4046 309
4047 361
4048 473
4049 0
4050 0
4051 0
4052 309
4053 413
4054 0
4055 52
4056 0
4057 0
4058 631448
4059 0
4060 1371626
4061 0
4062 421
4063 184
4064 0
4065 0
4066 0
4067 0
4068 349811
4069 180071
4070 2042
4071 1208
4072 0
4073 0
4074 0
4075 0
4076 104
4077 0
4078 910050
4079 647732
4080 400384
4081 144862
4082 0
4083 0
4084 0
4085 0
4086 0
4087 0
4088 0
4089 52
4090 0
4091 52
4092 0
4093 0
4094 0
4095 1190796
4096 1472
4097 606964
4098 361
4099 349
4100 193904
4101 305767
4102 250
4103 0
4104 0
4105 104
4106 0
4107 52
4108 473
4109 0
4110 0
4111 1261400
4112 644580
4113 0
4114 55884
4115 0
4116 0
4117 42480
4118 106270
4119 0
4120 0
4121 52
4122 489918
4123 0
4124 0
4125 0
4126 0
4127 872960
4128 641740
4129 116303
4130 3041
4131 0
4132 421
4133 4117
4134 0
4135 104
4136 0
4137 0
4138 1094221
4139 495046
4140 0
4141 0
4142 473
4143 0
4144 0
4145 0
4146 0
4147 0
4148 0
4149 52
4150 0
4151 0
4152 132
4153 0
4154 250
4155 0
4156 0
4157 0
4158 0
4159 112
4160 3146
4161 0
4162 0
4163 0
4164 813
4165 104
4166 0
4167 0
4168 302
4169 184
4170 0
4171 0
4172 0
4173 0
4174 3010
4175 0
4176 0
4177 0
4178 0
4179 104
4180 0
4181 0
4182 421
4183 0
4184 361
4185 0
4186 0
4187 0
4188 0
4189 0
4190 3258
4191 0
4192 0
4193 135
4194 0
4195 52
4196 52
4197 0
4198 302
4199 0
4200 0
4201 361
4202 0
4203 0
4204 0
4205 0
4206 0
4207 0
4208 0
4209 0
4210 0
4211 0
4212 0
4213 0
4214 0
4215 0
4216 0
4217 0
4218 0
4219 1568
4220 1638
4221 0
4222 421
4223 0
4224 0
4225 104
4226 0
4227 0
4228 302
4229 0
4230 0
4231 0
4232 0
4233 0
4234 0
4235 0
4236 0
4237 0
4238 0
4239 0
4240 0
4241 0
4242 0
4243 0
4244 0
4245 0
4246 0
4247 0
4248 0
4249 165
4250 3041
4251 0
4252 0
4253 0
4254 0
4255 104
4256 0
4257 0
4258 473
4259 0
4260 0
4261 0
4262 421
4263 0
4264 431
4265 0
4266 0
4267 0
4268 0
4269 0
4270 309
4271 52
4272 0
4273 0
4274 623
4275 431
4276 0
4277 0
4278 0
4279 60
4280 3198
4281 0
4282 0
4283 0
4284 654
4285 208
4286 761
4287 0
4288 361
4289 0
4290 0
4291 0
4292 443749
4293 496271
4294 422356
4295 483052
4296 425948
4297 67087
4298 80646
4299 277665
4300 462206
4301 0
4302 312
4303 339633
4304 488948
4305 290948
4306 626829
4307 260
4308 0
4309 1568
4310 1638
4311 156
4312 55174
4313 536948
4314 356896
4315 88552
4316 613811
4317 431390
4318 648012
4319 615493
4320 0
4321 571344
4322 0
4323 0
4324 0
4325 0
4326 0
4327 0
4328 49651
4329 295107
4330 934
4331 3361
4332 532408
4333 0
4334 0
4335 309
4336 52
4337 0
4338 64604
4339 522385
4340 315347
4341 0
4342 165000
4343 530060
4344 0
4345 104
4346 0
4347 0
4348 3000
4349 0
4350 52
4351 150
4352 0
4353 52
4354 129303
4355 542
4356 4229
4357 300
4358 150
4359 0
4360 0
4361 427
4362 312
4363 0
4364 519
4365 2711
4366 3902
4367 1500
4368 0
4369 165
4370 3169
4371 196408
4372 68930
4373 186489
4374 647551
4375 293531
4376 465902
4377 7360
4378 476772
4379 38272
4380 556510
4381 0
4382 0
4383 2705
4384 0
4385 0
4386 413
4387 92358
4388 286448
4389 16396
4390 599896
4391 283448
4392 0
4393 0
4394 0
4395 431
4396 52
4397 0
4398 430679
4399 89905
4400 273370
4401 476917
4402 368988
4403 384776
4404 522876
4405 29948
4406 835577
4407 0
4408 477000
4409 637650
4410 0
4411 249980
4412 391348
4413 57674
4414 557980
4415 483040
4416 98
4417 43730
4418 22913
4419 0
4420 0
4421 260376
4422 211203
4423 0
4424 0
4425 885184
4426 647823
4427 0
4428 0
4429 165
4430 3041
4431 184
4432 312
4433 0
4434 1500
4435 535
4436 52
4437 189415
4438 137561
4439 120000
4440 0
4441 98
4442 72327
4443 541333
4444 295622
4445 873208
4446 1117344
4447 0
4448 995
4449 0
4450 0
4451 0
4452 0
4453 429928
4454 427430
4455 361
4456 0
4457 0
4458 0
4459 112
4460 3094
4461 539896
4462 921529
4463 52
4464 0
4465 104
4466 0
4467 548342
4468 462727
4469 470158
4470 52
4471 0
4472 483
4473 0
4474 0
4475 415889
4476 460448
4477 0
4478 0
4479 52
4480 104
4481 1500
4482 0
4483 0
4484 0
4485 0
4486 208
4487 486045
4488 0
4489 1560
4490 3146
4491 0
4492 312
4493 0
4494 0
4495 104
4496 0
4497 52
4498 1041087
4499 0
4500 98
4501 338792
4502 477379
4503 418448
4504 0
4505 0
4506 361
4507 0
4508 104
4509 726
4510 0
4511 0
4512 168544
4513 19500
4514 265887
4515 260
4516 0
4517 0
4518 0
4519 548869
4520 472836
4521 648411
4522 648483
4523 0
4524 0
4525 61500
4526 0
4527 1500
4528 197896
4529 817500
4530 32948
4531 778204
4532 13396
4533 292448
4534 434948
4535 0
4536 0
4537 600077
4538 463637
4539 0
4540 52
4541 1500
4542 0
4543 0
4544 0
4545 0
4546 0
4547 260
4548 52
4549 303337
4550 294070
4551 0
4552 508708
4553 293896
4554 459563
4555 364
4556 0
4557 785
4558 0
4559 454432
4560 0
4561 0
4562 0
4563 0
4564 0
4565 0
4566 0
4567 0
4568 0
4569 52
4570 0
4571 0
4572 0
4573 0
4574 0
4575 1790433
4576 156361
4577 0
4578 0
4579 1568
4580 1638
4581 0
4582 483
4583 0
4584 0
4585 104
4586 463106
4587 0
4588 0
4589 0
4590 0
4591 0
4592 361
4593 0
4594 0
4595 431
4596 52
4597 280512
4598 0
4599 0
4600 772448
4601 951211
4602 0
4603 0
4604 0
4605 0
4606 0
4607 0
4608 455670
4609 1568
4610 1638
4611 0
4612 483
4613 0
4614 0
4615 104
4616 0
4617 0
4618 52
4619 0
4620 0
4621 0
4622 0
4623 361
4624 1742809
4625 0
4626 0
4627 0
4628 0
4629 0
4630 0
4631 0
4632 0
4633 0
4634 52
4635 431
4636 0
4637 0
4638 0
4639 112
4640 3094
4641 0
4642 483
4643 0
4644 1762469
4645 104
4646 0
4647 0
4648 0
4649 569
4650 52
4651 0
4652 0
4653 0
4654 52
4655 457701
4656 0
4657 0
4658 0
4659 1219
4660 0
4661 1854522
4662 0
4663 0
4664 0
4665 0
4666 0
4667 0
4668 0
4669 0
4670 3206
4671 232240
4672 233635
4673 0
4674 0
4675 364
4676 0
4677 0
4678 0
4679 0
4680 0
4681 9000
4682 1594963
4683 0
4684 0
4685 0
4686 0
4687 0
4688 0
4689 0
4690 0
4691 0
4692 52
4693 0
4694 0
4695 0
4696 0
4697 0
4698 0
4699 2066537
4700 3146
4701 0
4702 483
4703 361
4704 0
4705 104
4706 0
4707 0
4708 0
4709 465610
4710 0
4711 0
4712 0
4713 0
4714 0
4715 260
4716 0
4717 0
4718 0
4719 1857829
4720 0
4721 0
4722 0
4723 0
4724 0
4725 0
4726 0
4727 0
4728 0
4729 164
4730 462905
4731 0
4732 483
4733 0
4734 0
4735 104
4736 0
4737 0
4738 309
4739 52
4740 52
4741 0
4742 0
4743 0
4744 0
4745 0
4746 16396
4747 350740
4748 32792
4749 982598
4750 0
4751 0
4752 0
4753 0
4754 0
4755 569358
4756 295894
4757 352396
4758 967292
4759 319024
4760 3146
4761 0
4762 483
4763 0
4764 0
4765 104
4766 52
4767 0
4768 1169480
4769 23948
4770 478188
4771 129277
4772 0
4773 455379
4774 3010
4775 0
4776 52
4777 0
4778 1302252
4779 867098
4780 0
4781 0
4782 0
4783 0
4784 0
4785 0
4786 184
4787 0
4788 0
4789 164
4790 3094
4791 0
4792 536
4793 0
4794 0
4795 364
4796 0
4797 0
4798 0
4799 740688
4800 1078926
4801 0
4802 0
4803 0
4804 0
4805 456911
4806 0
4807 0
4808 0
4809 0
4810 0
4811 0
4812 0
4813 0
4814 0
4815 52
4816 0
4817 0
4818 0
4819 112
4820 3455
4821 1960807
4822 312
4823 0
4824 0
4825 104
4826 0
4827 361
4828 0
4829 0
4830 0
4831 52
4832 458335
4833 0
4834 0
4835 431
4836 0
4837 1677701
4838 0
4839 0
4840 0
4841 0
4842 0
4843 0
4844 0
4845 0
4846 0
4847 52
4848 353792
4849 43404
4850 85178
4851 83688
4852 167532
4853 314680
4854 236940
4855 295804
4856 280648
4857 10347
4858 342252
4859 122783
4860 0
4861 0
4862 0
4863 0
4864 2066598
4865 0
4866 0
4867 0
4868 0
4869 0
4870 0
4871 0
4872 0
4873 0
4874 476692
4875 431
4876 0
4877 0
4878 0
4879 165
4880 3041
4881 0
4882 483
4883 0
4884 52
4885 104
4886 0
4887 0
4888 0
4889 0
4890 0
4891 0
4892 0
4893 0
4894 52
4895 0
4896 361
4897 0
4898 0
4899 0
4900 0
4901 1962938
4902 218433
4903 0
4904 0
4905 0
4906 0
4907 0
4908 0
4909 60
4910 3146
4911 0
4912 535
4913 0
4914 0
4915 364
4916 0
4917 90804
4918 524376
4919 0
4920 0
4921 397396
4922 721292
4923 479209
4924 181092
4925 0
4926 0
4927 0
4928 0
4929 0
4930 0
4931 0
4932 0
4933 401740
4934 67396
4935 3703
4936 998
4937 340188
4938 283292
4939 485800
4940 28517
4941 361
4942 312
4943 0
4944 0
4945 104
4946 0
4947 0
4948 309
4949 52
4950 52
4951 0
4952 0
4953 0
4954 0
4955 260
4956 0
4957 0
4958 0
4959 0
4960 52
4961 0
4962 135
4963 0
4964 0
4965 0
4966 0
4967 0
4968 0
4969 112
4970 3226
4971 0
4972 483
4973 0
4974 0
4975 104
4976 0
4977 0
4978 0
4979 0
4980 0
4981 0
4982 0
4983 0
4984 0
4985 0
4986 0
4987 0
4988 0
4989 0
4990 0
4991 0
4992 0
4993 0
4994 98
4995 431
4996 0
4997 0
4998 0
4999 165
5000 3041
5001 0
5002 673
5003 0
5004 0
5005 104
5006 0
5007 0
5008 0
5009 0
5010 0
5011 0
5012 0
5013 0
5014 0
5015 0
5016 0
5017 0
5018 0
5019 0
5020 0
5021 0
5022 0
5023 0
5024 0
5025 0
5026 0
5027 0
5028 0
5029 60
5030 3094
5031 0
5032 483
5033 361
5034 0
5035 364
5036 0
5037 0
5038 0
5039 0
5040 4735
5041 11192
5042 44931
5043 0
5044 0
5045 0
5046 0
5047 135
5048 0
5049 0
5050 0
5051 104
5052 150
5053 0
5054 0
5055 0
5056 0
5057 0
5058 0
5059 165
5060 3041
5061 104
5062 312
5063 52
5064 0
5065 104
5066 0
5067 0
5068 0
5069 0
5070 0
5071 52
5072 645
5073 52
5074 3010
5075 260
5076 0
5077 0
5078 0
5079 104
5080 18107
5081 996619
5082 2016686
5083 1223233
5084 361
5085 248154
5086 9926
5087 0
5088 0
5089 356898
5090 3577
5091 932
5092 190319
5093 1945081
5094 0
5095 104
5096 0
5097 0
5098 0
5099 495177
5100 0
5101 208
5102 566
5103 0
5104 1724758
5105 0
5106 361
5107 104
5108 0
5109 0
5110 0
5111 448
5112 1705034
5113 1472
5114 515882
5115 0
5116 0
5117 0
5118 0
5119 60
5120 1586770
5121 350232
5122 162231
5123 0
5124 52
5125 104
5126 0
5127 0
5128 0
5129 524532
5130 0
5131 52
5132 0
5133 757716
5134 1159186
5135 0
5136 0
5137 0
5138 0
5139 0
5140 150
5141 202
5142 0
5143 0
5144 352
5145 524674
5146 0
5147 0
5148 0
5149 60
5150 3597
5151 405109
5152 1758245
5153 0
5154 0
5155 156
5156 52
5157 0
5158 135
5159 503618
5160 0
5161 11537
5162 29370
5163 1971433
5164 119024
5165 0
5166 0
5167 0
5168 0
5169 0
5170 0
5171 52
5172 260
5173 52
5174 506079
5175 1477680
5176 604951
5177 0
5178 0
5179 112
5180 3577
5181 0
5182 260
5183 104
5184 0
5185 104
5186 413
5187 0
5188 0
5189 52
5190 844911
5191 672632
5192 1072645
5193 312
5194 0
5195 0
5196 0
5197 0
5198 0
5199 98
5200 98
5201 0
5202 104
5203 508
5204 196
5205 518181
5206 0
5207 0
5208 1183868
5209 991772
5210 3353
5211 0
5212 52
5213 260
5214 52
5215 260
5216 52
5217 361
5218 0
5219 528188
5220 0
5221 0
5222 0
5223 862
5224 0
5225 0
5226 0
5227 0
5228 0
5229 52
5230 260
5231 0
5232 0
5233 52
5234 0
5235 428732
5236 436924
5237 302972
5238 864882
5239 165
5240 3524
5241 0
5242 6170
5243 52
5244 361
5245 104
5246 0
5247 0
5248 52
5249 0
5250 504896
5251 19591
5252 52
5253 104
5254 0
5255 0
5256 260
5257 52
5258 0
5259 0
5260 0
5261 52
5262 52
5263 0
5264 52
5265 0
5266 0
5267 0
5268 1702184
5269 421271
5270 3910
5271 0
5272 52
5273 0
5274 52
5275 104
5276 0
5277 135
5278 0
5279 52
5280 0
5281 0
5282 516287
5283 0
5284 0
5285 0
5286 0
5287 0
5288 0
5289 0
5290 0
5291 0
5292 104
5293 0
5294 0
5295 0
5296 0
5297 0
5298 361
5299 60
5300 3458
5301 361
5302 104
5303 0
5304 0
5305 104
5306 0
5307 0
5308 0
5309 0
5310 334927
5311 607832
5312 14668
5313 549393
5314 113240
5315 0
5316 0
5317 0
5318 0
5319 83904
5320 366520
5321 66084
5322 0
5323 52
5324 0
5325 0
5326 0
5327 0
5328 0
5329 1568
5330 1950
5331 1373
5332 0
5333 52
5334 0
5335 104
5336 0
5337 78016
5338 258760
5339 448648
5340 648944
5341 68979
5342 0
5343 52
5344 0
5345 0
5346 379323
5347 142576
5348 0
5349 0
5350 431
5351 0
5352 884412
5353 881416
5354 172515
5355 0
5356 0
5357 0
5358 52
5359 60
5360 3458
5361 0
5362 4169
5363 841415
5364 219185
5365 478400
5366 182112
5367 116132
5368 23552
5369 0
5370 0
5371 0
5372 0
5373 52
5374 3062
5375 260
5376 32747
5377 603125
5378 391549
5379 535704
5380 175376
5381 348509
5382 559728
5383 457835
5384 0
5385 673
5386 0
5387 0
5388 0
5389 60
5390 3577
5391 0
5392 0
5393 52
5394 52
5395 416
5396 0
5397 0
5398 0
5399 0
5400 0
5401 0
5402 0
5403 52
5404 52
5405 312
5406 607936
5407 151512
5408 760348
5409 503008
5410 140617
5411 0
5412 0
5413 309
5414 104
5415 156
5416 156
5417 0
5418 0
5419 112
5420 3146
5421 52
5422 299976
5423 1472
5424 210242
5425 914
5426 0
5427 0
5428 0
5429 0
5430 431
5431 0
5432 0
5433 0
5434 52
5435 52
5436 0
5437 0
5438 0
5439 1721928
5440 184491
5441 0
5442 0
5443 0
5444 0
5445 52
5446 0
5447 0
5448 0
5449 60
5450 3198
5451 0
5452 54516
5453 455753
5454 0
5455 156
5456 0
5457 0
5458 0
5459 0
5460 0
5461 0
5462 0
5463 413
5464 0
5465 52
5466 0
5467 0
5468 0
5469 0
5470 674
5471 0
5472 0
5473 52
5474 0
5475 0
5476 104
5477 1518844
5478 252384
5479 300
5480 3041
5481 0
5482 20258
5483 26657
5484 0
5485 104
5486 0
5487 0
5488 52
5489 0
5490 52
5491 503872
5492 104
5493 52
5494 0
5495 0
5496 0
5497 0
5498 0
5499 0
5500 483
5501 52
5502 52
5503 104
5504 0
5505 0
5506 361
5507 0
5508 52
5509 1199532
5510 839483
5511 0
5512 52
5513 52
5514 52
5515 104
5516 0
5517 0
5518 0
5519 0
5520 52
5521 0
5522 0
5523 304288
5524 52
5525 0
5526 160503
5527 49996
5528 0
5529 0
5530 483
5531 0
5532 0
5533 104
5534 413
5535 0
5536 0
5537 52
5538 0
5539 164
5540 548098
5541 738528
5542 1208
5543 104
5544 52
5545 198564
5546 348656
5547 29544
5548 0
5549 0
5550 52
5551 208
5552 0
5553 104
5554 54827
5555 249182
5556 7308
5557 332033
5558 0
5559 0
5560 104
5561 0
5562 569
5563 104
5564 12260
5565 52
5566 0
5567 646208
5568 165560
5569 1568
5570 1638
5571 0
5572 0
5573 104
5574 52
5575 156
5576 0
5577 104
5578 52
5579 0
5580 52
5581 622502
5582 594376
5583 417892
5584 647472
5585 52
5586 0
5587 132
5588 0
5589 361
5590 520
5591 204359
5592 0
5593 465
5594 42716
5595 52
5596 0
5597 58724
5598 239
5599 278268
5600 122897
5601 52
5602 48576
5603 0
5604 0
5605 104
5606 0
5607 0
5608 0
5609 67892
5610 179795
5611 0
5612 0
5613 0
5614 0
5615 0
5616 0
5617 0
5618 0
5619 0
5620 52
5621 517816
5622 407357
5623 0
5624 0
5625 0
5626 85487
5627 0
5628 0
5629 1568
5630 164600
5631 52
5632 0
5633 0
5634 0
5635 104
5636 467744
5637 142547
5638 0
5639 0
5640 312
5641 536995
5642 0
5643 0
5644 0
5645 0
5646 0
5647 0
5648 0
5649 0
5650 0
5651 415
5652 635956
5653 0
5654 0
5655 1472
5656 0
5657 0
5658 0
5659 112
5660 3406
5661 0
5662 612
5663 611585
5664 7124
5665 104
5666 0
5667 0
5668 0
5669 361
5670 224817
5671 43244
5672 0
5673 0
5674 3166
5675 309
5676 52
5677 0
5678 325208
5679 104
5680 0
5681 0
5682 0
5683 0
5684 156
5685 83772
5686 38284
5687 0
5688 0
5689 165
5690 3041
5691 0
5692 132
5693 40159
5694 1604
5695 19344
5696 236732
5697 163392
5698 0
5699 0
5700 483
5701 0
5702 0
5703 0
5704 78327
5705 219197
5706 91576
5707 247973
5708 4788
5709 0
5710 52
5711 0
5712 208
5713 0
5714 551120
5715 73600
5716 47413
5717 28072
5718 52
5719 112
5720 3094
5721 0
5722 0
5723 0
5724 135476
5725 248084
5726 159310
5727 52
5728 52
5729 0
5730 312
5731 0
5732 0
5733 73081
5734 553357
5735 119543
5736 132
5737 0
5738 3128
5739 72769
5740 0
5741 19084
5742 47000
5743 704032
5744 328216
5745 419460
5746 522589
5747 777369
5748 1138842
5749 158916
5750 314913
5751 416524
5752 1296761
5753 463524
5754 0
5755 104
5756 135290
5757 0
5758 0
5759 0
5760 483
5761 0
5762 0
5763 0
5764 0
5765 0
5766 104
5767 0
5768 0
5769 361
5770 0
5771 1472
5772 0
5773 0
5774 0
5775 52
5776 420992
5777 19084
5778 319268
5779 276745
5780 179577
5781 858417
5782 0
5783 0
5784 0
5785 104
5786 184
5787 0
5788 0
5789 490049
5790 495032
5791 0
5792 0
5793 0
5794 0
5795 0
5796 0
5797 0
5798 0
5799 0
5800 413
5801 0
5802 0
5803 0
5804 0
5805 0
5806 0
5807 0
5808 0
5809 1516
5810 1690
5811 0
5812 0
5813 0
5814 0
5815 104
5816 0
5817 0
5818 0
5819 0
5820 444
5821 0
5822 60
5823 1797335
5824 194859
5825 0
5826 361
5827 0
5828 0
5829 0
5830 260
5831 0
5832 0
5833 0
5834 52
5835 0
5836 0
5837 52
5838 512290
5839 165
5840 3041
5841 0
5842 0
5843 0
5844 0
5845 104
5846 0
5847 0
5848 52
5849 0
5850 1760166
5851 0
5852 0
5853 0
5854 0
5855 0
5856 0
5857 0
5858 0
5859 0
5860 52
5861 0
5862 0
5863 0
5864 361
5865 52
5866 993548
5867 1118498
5868 0
5869 1516
5870 2069
5871 0
5872 0
5873 0
5874 0
5875 104
5876 0
5877 52
5878 0
5879 0
5880 535
5881 527031
5882 361
5883 0
5884 0
5885 0
5886 0
5887 52
5888 763968
5889 0
5890 0
5891 0
5892 0
5893 0
5894 0
5895 819904
5896 475593
5897 0
5898 0
5899 60
5900 3146
5901 0
5902 52
5903 520490
5904 0
5905 104
5906 0
5907 0
5908 52
5909 607936
5910 1701
5911 1463273
5912 0
5913 103258
5914 0
5915 0
5916 0
5917 0
5918 0
5919 0
5920 0
5921 52
5922 0
5923 0
5924 0
5925 904
5926 0
5927 0
5928 0
5929 112
5930 1164692
5931 518745
5932 0
5933 0
5934 0
5935 104
5936 0
5937 0
5938 0
5939 52
5940 508647
5941 0
5942 0
5943 0
5944 361
5945 0
5946 641740
5947 344292
5948 0
5949 361
5950 52
5951 208
5952 0
5953 0
5954 0
5955 0
5956 52
5957 415
5958 549236
5959 641957
5960 4825
5961 368000
5962 42532
5963 513122
5964 144047
5965 104
5966 0
5967 0
5968 104
5969 0
5970 0
5971 0
5972 0
5973 0
5974 3126
5975 0
5976 0
5977 0
5978 0
5979 104
5980 0
5981 0
5982 0
5983 0
5984 156
5985 241
5986 645
5987 0
5988 0
5989 165
5990 3561
5991 135
5992 0
5993 0
5994 184
5995 104
5996 0
5997 0
5998 872
5999 0
