0 60 54
1 60 54
2 60 54
3 0 0
4 120 108
5 0 0
6 180 162
7 0 0
8 0 0
9 120 108
10 480 432
11 180 162
12 60 54
13 0 0
14 60 54
15 0 0
16 0 0
17 0 0
18 0 0
19 0 0
20 0 0
21 60 54
22 0 0
23 0 0
24 0 0
25 120 108
26 120 108
27 360 324
28 0 0
29 0 0
30 0 0
31 0 0
32 0 0
33 120 108
34 420 1567
35 10254 1458
36 107403 20646
37 5517 1576
38 480 432
39 0 0
40 3532 540
41 1682 162
42 3112 162
43 0 0
44 1622 108
45 3172 216
46 0 0
47 60 54
48 0 0
49 8898 540
50 240 216
51 60 54
52 60 54
53 0 0
54 180 162
55 0 0
56 60 54
57 0 0
58 0 0
59 0 0
60 0 0
61 0 0
62 0 0
63 0 0
64 0 0
65 0 0
66 60 54
67 0 0
68 0 0
69 0 0
70 0 0
71 0 0
72 300 270
73 0 0
74 60 54
75 0 0
76 0 0
77 0 0
78 0 0
79 240 216
80 1080 972
81 600 540
82 240 216
83 300 270
84 0 0
85 180 162
86 1047 108
87 0 0
88 0 0
89 0 0
90 0 0
91 0 0
92 60 54
93 120 108
94 1444 1080
95 360 378
96 360 324
97 180 162
98 0 0
99 120 108
100 2340 2106
101 60 54
102 0 0
103 60 54
104 0 54
105 60 54
106 0 0
107 0 0
108 120 1281
109 80812 31684
110 17253 11237
111 113697 14111
112 60 202
113 0 0
114 60 128
115 1208 216
116 0 0
117 0 0
118 0 0
119 0 0
120 660 702
121 60 54
122 0 0
123 120 108
124 0 0
125 180 162
126 360 324
127 0 0
128 180 162
129 0 0
130 1260 1134
131 0 0
132 0 0
133 0 0
134 0 0
135 0 0
136 0 0
137 60 54
138 0 0
139 0 0
140 0 0
141 0 54
142 60 54
143 1224 2506
144 4160 7037
145 9426 8681
146 0 0
147 552 1311
148 60 54
149 0 0
150 60 54
151 0 0
152 0 0
153 0 0
154 240 216
155 60 54
156 1491 2211
157 20313 6738
158 13874 540
159 269 54
160 16898 3859
161 0 0
162 0 0
163 0 0
164 0 0
165 48600 4423
166 45228 5252
167 29180 6078
168 58184 7456
169 35674 3259
170 60 54
171 480 432
172 60 108
173 0 0
174 0 0
175 151 108
176 0 0
177 0 0
178 0 0
179 0 0
180 600 540
181 0 0
182 0 0
183 120 108
184 60 54
185 0 0
186 0 0
187 0 0
188 60 54
189 0 0
190 360 324
191 60 54
192 0 0
193 0 0
194 0 0
195 0 0
196 0 0
197 0 0
198 0 0
199 0 0
200 300 270
201 420 378
202 180 162
203 60 54
204 0 0
205 0 0
206 0 0
207 0 0
208 0 0
209 0 0
210 120 108
211 60 54
212 0 0
213 60 54
214 240 216
215 0 0
216 240 216
217 0 0
218 0 0
219 0 0
220 0 0
221 0 0
222 0 0
223 0 0
224 0 0
225 0 0
226 60 54
227 60 54
228 60 54
229 151 108
230 240 216
231 60 54
232 0 0
233 0 0
234 0 0
235 120 108
236 0 0
237 0 0
238 0 0
239 0 0
240 60 54
241 0 0
242 0 0
243 0 0
244 0 0
245 300 270
246 360 324
247 240 216
248 0 0
249 0 0
250 0 0
251 0 0
252 0 0
253 0 0
254 0 0
255 60 54
256 0 0
257 0 0
258 0 0
259 180 162
260 0 0
261 240 216
262 0 0
263 0 0
264 0 0
265 0 0
266 0 0
267 0 0
268 0 0
269 0 0
270 0 0
271 0 0
272 0 0
273 0 0
274 0 0
275 0 0
276 0 0
277 0 0
278 0 0
279 0 0
280 120 108
281 60 54
282 0 0
283 0 0
284 0 0
285 0 0
286 0 0
287 0 0
288 0 0
289 0 0
290 600 540
291 300 270
292 240 216
293 0 0
294 0 0
295 0 0
296 0 0
297 0 0
298 0 0
299 0 0
300 60 54
301 60 54
302 0 0
303 0 0
304 60 54
305 0 0
306 60 54
307 0 0
308 0 0
309 0 0
310 0 0
311 0 0
312 0 0
313 0 0
314 0 0
315 0 0
316 0 0
317 0 0
318 0 0
319 0 0
320 0 0
321 0 0
322 0 0
323 0 0
324 0 0
325 120 108
326 0 0
327 0 0
328 0 0
329 0 0
330 0 0
331 0 0
332 0 0
333 180 1001
334 0 0
335 360 324
336 360 324
337 300 270
338 0 0
339 60 54
340 300 270
341 0 0
342 0 0
343 0 0
344 0 0
345 0 0
346 60 54
347 0 0
348 0 0
349 120 108
350 300 270
351 60 54
352 14570 1596
353 0 0
354 0 0
355 0 0
356 0 0
357 0 0
358 0 0
359 0 0
360 120 108
361 0 0
362 0 0
363 0 0
364 0 0
365 0 0
366 60 54
367 0 0
368 0 0
369 0 0
370 612 1217
371 0 0
372 0 0
373 0 0
374 4372 4250
375 13934 540
376 16707 5529
377 14306 594
378 0 0
379 0 0
380 540 486
381 260128 7197
382 373592 9066
383 437499 11709
384 309182 7416
385 182542 4482
386 53641 2006
387 60799 2785
388 139064 3707
389 312952 7254
390 120 108
391 60 54
392 0 0
393 0 0
394 60 54
395 0 0
396 0 0
397 120 108
398 0 0
399 0 0
400 120 108
401 0 0
402 0 0
403 3968 3299
404 42460 22386
405 117979 27885
406 90192 36975
407 2369 5005
408 5244 324
409 0 0
410 840 756
411 2020 594
412 60 54
413 120 108
414 0 0
415 0 0
416 60 54
417 0 0
418 60 54
419 0 0
420 2640 2484
421 120 108
422 0 0
423 0 0
424 0 0
425 0 0
426 60 54
427 0 0
428 0 0
429 0 0
430 0 0
431 0 0
432 0 0
433 0 0
434 60 54
435 0 0
436 0 0
437 0 0
438 0 0
439 0 0
440 0 0
441 0 0
442 0 0
443 0 0
444 0 0
445 0 0
446 0 0
447 0 0
448 60 54
449 60 54
450 0 0
451 780 702
452 60 54
453 0 0
454 0 0
455 0 0
456 0 0
457 180 384
458 312 799
459 0 0
460 0 0
461 0 0
462 0 0
463 0 0
464 0 0
465 0 0
466 120 108
467 60 54
468 0 0
469 0 0
470 540 486
471 60 54
472 0 0
473 0 0
474 0 0
475 0 0
476 0 0
477 0 0
478 0 0
479 60 54
480 0 0
481 60 54
482 8910 2305
483 40838 7420
484 181416 16434
485 82748 12432
486 164682 14173
487 8354 7746
488 39492 14593
489 20676 6463
490 7912 6538
491 10832 2598
492 151 108
493 14482 864
494 21987 15250
495 4540 3946
496 2114 702
497 0 0
498 60 54
499 60 54
500 1740 1620
501 0 0
502 0 0
503 0 0
504 120 108
505 60 54
506 0 0
507 0 0
508 0 0
509 60 54
510 360 432
511 0 0
512 0 0
513 0 0
514 0 0
515 0 0
516 60 54
517 0 0
518 0 0
519 0 0
520 0 0
521 0 0
522 0 0
523 0 0
524 120 108
525 0 0
526 0 0
527 60 54
528 240 216
529 300 270
530 60 54
531 300 270
532 120 108
533 300 270
534 240 216
535 0 0
536 120 108
537 0 0
538 0 0
539 360 324
540 120 108
541 420 378
542 0 0
543 0 0
544 0 0
545 0 0
546 0 0
547 60 54
548 0 0
549 673 853
550 60 54
551 0 0
552 0 0
553 0 0
554 60 54
555 0 0
556 0 0
557 11539 4362
558 3977 5124
559 0 0
560 360 324
561 60 54
562 0 0
563 0 0
564 0 0
565 0 0
566 0 0
567 0 0
568 0 0
569 0 0
570 0 0
571 0 0
572 0 0
573 240 216
574 180 162
575 0 0
576 240 216
577 60 54
578 60 54
579 180 162
580 0 0
581 60 54
582 0 0
583 0 0
584 300 270
585 60 54
586 420 378
587 0 0
588 0 0
589 0 0
590 0 0
591 0 0
592 0 0
593 0 0
594 60 54
595 0 0
596 0 0
597 0 0
598 0 0
599 0 0
600 0 0
601 0 0
602 0 0
603 120 108
604 60 54
605 0 0
606 60 54
607 0 0
608 0 0
609 120 162
610 600 540
611 0 0
612 60 54
613 0 0
614 240 216
615 60 54
616 0 0
617 0 0
618 120 108
619 360 324
620 540 486
621 240 216
622 0 0
623 60 54
624 180 162
625 0 0
626 0 0
627 0 0
628 0 0
629 360 324
630 120 108
631 60 54
632 0 0
633 0 0
634 0 0
635 0 0
636 0 0
637 0 0
638 0 0
639 60 54
640 0 0
641 0 0
642 0 0
643 0 0
644 0 0
645 0 0
646 0 0
647 0 0
648 60 54
649 0 0
650 0 0
651 0 0
652 0 0
653 0 0
654 0 0
655 0 0
656 0 0
657 0 0
658 0 0
659 0 0
660 0 0
661 0 0
662 0 0
663 120 108
664 120 108
665 0 0
666 120 108
667 0 0
668 60 54
669 120 108
670 827 2394
671 33214 3858
672 62888 1674
673 42363 51779
674 27252 2501
675 0 0
676 0 0
677 0 0
678 0 0
679 0 0
680 0 0
681 0 0
682 60 54
683 0 0
684 60 54
685 0 0
686 0 0
687 0 0
688 0 0
689 0 0
690 60 54
691 0 0
692 0 0
693 60 54
694 0 0
695 0 0
696 0 0
697 0 0
698 0 0
699 0 0
700 0 0
701 0 0
702 0 0
703 0 0
704 0 0
705 60 54
706 0 0
707 0 0
708 120 108
709 120 108
710 480 432
711 120 108
712 60 54
713 120 108
714 120 108
715 60 54
716 0 0
717 0 0
718 600 540
719 60 54
720 0 0
721 0 0
722 0 0
723 60 54
724 120 108
725 0 0
726 0 0
727 0 0
728 484 216
729 60 54
730 180 162
731 0 0
732 0 0
733 60 54
734 180 162
735 0 0
736 0 54
737 0 0
738 0 0
739 0 0
740 240 216
741 0 0
742 0 0
743 0 0
744 0 0
745 0 0
746 0 0
747 0 0
748 0 0
749 0 0
750 0 0
751 0 0
752 0 0
753 60 54
754 0 0
755 60 1765
756 29634 12143
757 33848 756
758 54422 19977
759 688 108
760 60 54
761 0 0
762 0 0
763 360 324
764 180 162
765 0 0
766 0 0
767 0 0
768 0 0
769 0 0
770 120 108
771 0 0
772 0 0
773 0 54
774 60 54
775 0 0
776 0 0
777 0 0
778 0 0
779 0 0
780 180 162
781 0 0
782 0 0
783 0 0
784 0 0
785 360 2372
786 32623 1188
787 1179 3506
788 0 0
789 0 0
790 960 1160
791 312 799
792 0 0
793 0 0
794 0 0
795 0 0
796 0 0
797 0 0
798 180 162
799 0 0
800 1020 918
801 60 54
802 0 0
803 300 270
804 0 0
805 9604 1289
806 4517 1166
807 0 0
808 300 270
809 4083 5103
810 3802 5264
811 15534 2893
812 0 0
813 0 0
814 0 0
815 0 0
816 1779 2247
817 14518 2597
818 0 0
819 4215 6085
820 18438 2783
821 269 54
822 0 0
823 60 930
824 0 0
825 0 0
826 0 0
827 0 0
828 0 0
829 0 0
830 0 0
831 60 54
832 60 54
833 0 0
834 0 0
835 0 0
836 0 0
837 0 0
838 0 0
839 0 0
840 0 0
841 0 0
842 0 0
843 0 0
844 0 0
845 0 0
846 0 0
847 9096 4482
848 30550 12381
849 43291 12464
850 4884 883
851 0 0
852 0 0
853 300 270
854 0 0
855 0 0
856 60 54
857 0 0
858 0 0
859 0 0
860 300 270
861 0 0
862 0 0
863 0 0
864 60 54
865 0 0
866 0 0
867 0 0
868 0 0
869 0 0
870 0 0
871 0 0
872 0 0
873 0 0
874 0 0
875 0 0
876 60 54
877 10895 9552
878 82647 6129
879 0 0
880 60 128
881 0 0
882 0 0
883 0 0
884 0 0
885 0 0
886 0 0
887 0 0
888 0 0
889 0 0
890 0 0
891 0 0
892 60 54
893 300 270
894 0 0
895 0 0
896 180 384
897 624 1575
898 0 0
899 60 54
900 120 108
901 0 0
902 0 0
903 768 1890
904 0 0
905 0 0
906 0 0
907 441 54
908 0 0
909 60 54
910 360 324
911 0 0
912 0 0
913 0 0
914 0 0
915 0 0
916 0 0
917 0 0
918 0 0
919 0 0
920 0 0
921 0 0
922 180 162
923 240 216
924 0 0
925 492 1183
926 0 0
927 0 0
928 60 987
929 120 859
930 31062 2891
931 51907 4091
932 74046 26674
933 19608 14846
934 121147 6673
935 0 0
936 0 0
937 0 0
938 300 270
939 0 0
940 360 324
941 0 0
942 240 216
943 0 0
944 60 54
945 0 0
946 0 0
947 0 0
948 0 0
949 0 0
950 480 432
951 0 0
952 120 108
953 0 0
954 60 54
955 0 0
956 0 0
957 0 0
958 0 0
959 0 0
960 0 0
961 0 0
962 0 0
963 0 0
964 0 0
965 180 162
966 0 0
967 60 54
968 300 270
969 0 0
970 180 162
971 0 0
972 60 54
973 0 0
974 60 54
975 0 0
976 0 0
977 420 378
978 180 162
979 300 270
980 420 378
981 0 0
982 0 0
983 240 216
984 0 0
985 0 0
986 0 0
987 0 0
988 0 0
989 0 0
990 0 0
991 0 0
992 60 54
993 0 0
994 0 0
995 0 0
996 0 0
997 0 0
998 0 0
999 60 54
1000 60 54
1001 0 0
1002 0 0
1003 0 0
1004 0 0
1005 0 0
1006 0 0
1007 0 0
1008 0 0
1009 0 0
1010 0 0
1011 0 0
1012 60 54
1013 300 270
1014 0 0
1015 0 0
1016 0 0
1017 0 0
1018 0 0
1019 60 54
1020 0 0
1021 0 0
1022 360 324
1023 120 108
1024 1638 2602
1025 0 0
1026 0 0
1027 0 0
1028 240 216
1029 0 0
1030 0 0
1031 0 0
1032 0 0
1033 0 0
1034 0 0
1035 0 0
1036 0 0
1037 0 0
1038 60 923
1039 12532 1481
1040 360 324
1041 0 0
1042 0 0
1043 0 0
1044 60 54
1045 4321 3763
1046 66692 2281
1047 0 0
1048 0 0
1049 0 0
1050 15652 594
1051 126806 4109
1052 61307 1998
1053 0 0
1054 0 0
1055 0 0
1056 10103 1432
1057 146772 6736
1058 105028 6589
1059 62637 3603
1060 840 1369
1061 570 162
1062 28161 6479
1063 420 378
1064 5593 1953
1065 20060 918
1066 8384 216
1067 60 54
1068 60 54
1069 240 216
1070 960 864
1071 60 54
1072 0 0
1073 0 0
1074 0 0
1075 60 54
1076 0 0
1077 0 0
1078 0 0
1079 0 0
1080 60 54
1081 0 0
1082 0 0
1083 0 0
1084 0 0
1085 0 0
1086 240 512
1087 312 799
1088 0 0
1089 0 0
1090 120 108
1091 0 0
1092 0 0
1093 10474 3367
1094 87901 5637
1095 77175 1296
1096 6779 378
1097 4710 324
1098 0 0
1099 20408 1134
1100 151191 35034
1101 465974 24752
1102 254364 5848
1103 62154 4205
1104 21260 972
1105 79766 1836
1106 240 216
1107 480 486
1108 7786 540
1109 10169 1608
1110 600 540
1111 60 54
1112 0 0
1113 60 54
1114 300 270
1115 0 0
1116 120 108
1117 180 108
1118 180 162
1119 0 0
1120 840 756
1121 0 0
1122 0 0
1123 0 0
1124 0 0
1125 0 0
1126 0 0
1127 0 0
1128 0 0
1129 0 0
1130 0 0
1131 0 0
1132 0 0
1133 0 0
1134 0 0
1135 0 0
1136 0 0
1137 0 0
1138 60 54
1139 0 0
1140 0 0
1141 0 0
1142 60 54
1143 0 0
1144 0 0
1145 120 108
1146 480 432
1147 60 54
1148 240 216
1149 60 54
1150 0 0
1151 60 54
1152 240 216
1153 0 0
1154 60 54
1155 0 0
1156 60 54
1157 0 0
1158 60 54
1159 240 216
1160 240 162
1161 0 54
1162 0 0
1163 0 0
1164 0 0
1165 0 0
1166 0 0
1167 0 0
1168 0 0
1169 0 0
1170 180 162
1171 60 54
1172 0 0
1173 0 0
1174 240 216
1175 0 0
1176 0 0
1177 0 0
1178 0 0
1179 0 0
1180 300 270
1181 0 0
1182 0 0
1183 60 54
1184 0 0
1185 0 0
1186 0 0
1187 60 54
1188 0 0
1189 0 0
1190 60 54
1191 420 378
1192 0 0
1193 300 270
1194 60 54
1195 0 0
1196 60 54
1197 240 216
1198 0 0
1199 60 54
1200 0 0
1201 60 54
1202 0 0
1203 120 108
1204 0 0
1205 0 0
1206 0 0
1207 0 0
1208 0 0
1209 0 0
1210 120 108
1211 0 0
1212 0 0
1213 0 0
1214 0 0
1215 0 0
1216 0 0
1217 0 0
1218 0 0
1219 0 0
1220 240 216
1221 180 162
1222 0 0
1223 0 0
1224 0 0
1225 0 0
1226 0 0
1227 0 0
1228 60 54
1229 60 54
1230 300 270
1231 0 0
1232 60 54
1233 0 0
1234 0 0
1235 60 54
1236 120 108
1237 0 0
1238 180 162
1239 60 54
1240 60 54
1241 0 0
1242 240 216
1243 0 0
1244 0 0
1245 0 0
1246 60 54
1247 0 0
1248 0 0
1249 0 0
1250 0 0
1251 0 0
1252 0 0
1253 0 0
1254 0 0
1255 0 0
1256 0 0
1257 0 0
1258 0 0
1259 0 0
1260 0 0
1261 0 0
1262 0 0
1263 0 0
1264 0 0
1265 0 0
1266 0 0
1267 0 0
1268 0 0
1269 0 0
1270 0 0
1271 0 0
1272 0 0
1273 60 54
1274 0 0
1275 0 0
1276 0 0
1277 60 54
1278 60 54
1279 0 0
1280 60 54
1281 60 54
1282 0 0
1283 180 162
1284 60 54
1285 0 0
1286 0 0
1287 300 270
1288 0 0
1289 0 0
1290 0 0
1291 120 108
1292 60 54
1293 0 0
1294 0 0
1295 0 0
1296 0 0
1297 0 0
1298 0 0
1299 0 0
1300 0 0
1301 0 0
1302 0 0
1303 0 0
1304 67837 5634
1305 17006 2899
1306 18999 6802
1307 24106 3438
1308 0 0
1309 912 1057
1310 3008 3821
1311 24193 3050
1312 0 0
1313 0 0
1314 5376 2007
1315 2906 2322
1316 56085 15601
1317 54471 7962
1318 151 145
1319 0 0
1320 0 0
1321 0 0
1322 0 0
1323 0 0
1324 0 0
1325 0 0
1326 0 0
1327 0 0
1328 60 54
1329 0 0
1330 0 0
1331 0 0
1332 0 0
1333 0 0
1334 360 324
1335 0 0
1336 0 0
1337 0 0
1338 0 0
1339 0 0
1340 0 0
1341 0 0
1342 0 0
1343 0 0
1344 0 0
1345 0 0
1346 0 0
1347 0 0
1348 0 0
1349 0 0
1350 0 0
1351 0 0
1352 0 0
1353 0 0
1354 0 0
1355 0 0
1356 0 0
1357 0 0
1358 0 0
1359 60 54
1360 0 0
1361 300 270
1362 240 216
1363 60 54
1364 0 0
1365 0 0
1366 0 0
1367 0 0
1368 0 0
1369 0 0
1370 0 0
1371 0 0
1372 0 0
1373 0 0
1374 120 54
1375 0 0
1376 0 0
1377 0 0
1378 0 0
1379 0 0
1380 0 0
1381 0 0
1382 0 0
1383 0 0
1384 0 0
1385 0 0
1386 0 0
1387 0 0
1388 0 0
1389 0 0
1390 0 0
1391 0 0
1392 0 0
1393 0 0
1394 0 0
1395 0 0
1396 0 0
1397 0 0
1398 0 0
1399 0 0
1400 0 0
1401 0 0
1402 0 0
1403 0 0
1404 0 0
1405 0 0
1406 300 270
1407 240 216
1408 60 54
1409 0 0
1410 0 0
1411 0 0
1412 0 0
1413 0 0
1414 0 0
1415 0 0
1416 0 0
1417 0 0
1418 0 0
1419 0 0
1420 0 0
1421 0 0
1422 0 0
1423 0 0
1424 0 0
1425 0 0
1426 0 0
1427 0 0
1428 0 0
1429 0 0
1430 0 0
1431 0 0
1432 0 0
1433 0 0
1434 0 0
1435 0 0
1436 0 0
1437 0 0
1438 0 0
1439 0 0
1440 0 0
1441 0 0
1442 0 0
1443 0 0
1444 0 0
1445 0 0
1446 0 0
1447 0 0
1448 0 0
1449 0 0
1450 0 0
1451 300 270
1452 240 216
1453 60 54
1454 0 0
1455 0 0
1456 0 0
1457 0 0
1458 0 0
1459 0 0
1460 0 0
1461 0 0
1462 0 0
1463 0 0
1464 0 0
1465 0 0
1466 0 0
1467 0 0
1468 0 0
1469 0 0
1470 0 0
1471 0 0
1472 0 0
1473 0 0
1474 0 0
1475 0 0
1476 0 0
1477 0 0
1478 0 0
1479 0 0
1480 0 0
1481 0 0
1482 0 0
1483 0 0
1484 0 0
1485 0 0
1486 0 0
1487 0 0
1488 0 0
1489 0 0
1490 0 0
1491 0 0
1492 0 0
1493 0 0
1494 0 0
1495 0 0
1496 300 270
1497 240 216
1498 60 54
1499 0 0
1500 0 0
1501 0 0
1502 0 0
1503 0 0
1504 0 0
1505 0 0
1506 0 0
1507 0 0
1508 0 0
1509 0 0
1510 0 0
1511 0 0
1512 0 0
1513 0 0
1514 0 0
1515 0 0
1516 0 0
1517 0 0
1518 0 0
1519 0 0
1520 0 0
1521 0 0
1522 0 0
1523 0 0
1524 0 0
1525 0 0
1526 0 0
1527 0 0
1528 0 0
1529 0 0
1530 0 0
1531 0 0
1532 0 0
1533 0 0
1534 0 0
1535 0 0
1536 0 0
1537 0 0
1538 0 0
1539 0 0
1540 0 0
1541 300 270
1542 240 216
1543 60 54
1544 0 0
1545 0 0
1546 0 0
1547 0 0
1548 0 0
1549 0 0
1550 0 0
1551 0 0
1552 0 0
1553 0 0
1554 14000 5811
1555 47698 2649
1556 120 108
1557 452 270
1558 0 0
1559 0 0
1560 0 0
1561 0 0
1562 0 0
1563 0 0
1564 1140 1026
1565 0 0
1566 0 0
1567 0 0
1568 0 0
1569 0 0
1570 60 54
1571 0 0
1572 0 0
1573 0 0
1574 17613 3489
1575 0 0
1576 0 0
1577 0 0
1578 0 0
1579 0 0
1580 0 0
1581 0 0
1582 0 0
1583 0 0
1584 0 0
1585 0 0
1586 0 0
1587 0 0
1588 0 0
1589 0 0
1590 0 0
1591 4313 5136
1592 50038 3644
1593 1102 2920
1594 0 0
1595 0 0
1596 0 0
1597 0 0
1598 756 54
1599 21562 4814
1600 2771 3150
1601 23299 2148
1602 0 0
1603 24810 4842
1604 7488 1512
1605 0 0
1606 0 0
1607 23133 1962
1608 269 54
1609 0 0
1610 0 0
1611 0 0
1612 0 0
1613 0 0
1614 60 54
1615 0 0
1616 0 0
1617 0 0
1618 0 0
1619 51613 9801
1620 207519 42860
1621 237484 45386
1622 338678 19461
1623 60 202
1624 0 0
1625 0 0
1626 0 0
1627 0 74
1628 0 0
1629 0 0
1630 0 0
1631 0 0
1632 0 0
1633 705 875
1634 540 486
1635 1044 2524
1636 180 162
1637 180 162
1638 0 0
1639 0 0
1640 0 0
1641 0 0
1642 0 0
1643 0 0
1644 300 270
1645 60 54
1646 0 0
1647 0 0
1648 60 54
1649 0 0
1650 694 1041
1651 56011 7033
1652 61687 5149
1653 9771 3242
1654 780 776
1655 0 0
1656 0 0
1657 0 0
1658 120 108
1659 0 0
1660 60 54
1661 0 0
1662 0 0
1663 120 108
1664 721 432
1665 120 108
1666 180 162
1667 0 0
1668 0 0
1669 0 0
1670 0 0
1671 0 0
1672 0 0
1673 0 0
1674 0 0
1675 0 0
1676 0 0
1677 0 0
1678 0 0
1679 0 0
1680 0 0
1681 0 0
1682 60 54
1683 0 0
1684 0 0
1685 0 0
1686 0 0
1687 0 0
1688 0 0
1689 0 0
1690 0 0
1691 0 0
1692 0 0
1693 0 54
1694 0 0
1695 60 54
1696 0 0
1697 120 108
1698 60 54
1699 0 0
1700 0 0
1701 0 0
1702 0 0
1703 0 0
1704 0 0
1705 0 0
1706 0 0
1707 0 0
1708 0 0
1709 120 108
1710 120 108
1711 300 270
1712 60 54
1713 0 0
1714 60 54
1715 0 0
1716 0 0
1717 0 0
1718 0 0
1719 0 0
1720 0 0
1721 0 0
1722 0 0
1723 0 0
1724 0 0
1725 0 0
1726 0 0
1727 60 54
1728 0 0
1729 0 0
1730 0 0
1731 0 0
1732 0 0
1733 0 0
1734 0 0
1735 0 0
1736 0 0
1737 0 0
1738 0 0
1739 0 0
1740 60 54
1741 0 0
1742 120 108
1743 60 54
1744 180 162
1745 0 0
1746 0 0
1747 0 0
1748 0 0
1749 0 0
1750 0 0
1751 0 0
1752 0 0
1753 0 0
1754 120 108
1755 0 0
1756 240 216
1757 60 54
1758 0 0
1759 0 0
1760 0 0
1761 0 0
1762 0 0
1763 0 0
1764 0 0
1765 0 0
1766 0 0
1767 0 0
1768 0 0
1769 0 0
1770 0 0
1771 0 0
1772 60 54
1773 0 0
1774 0 0
1775 0 0
1776 0 0
1777 0 0
1778 0 0
1779 0 0
1780 60 54
1781 0 0
1782 0 0
1783 984 2359
1784 60 54
1785 0 0
1786 0 0
1787 120 108
1788 120 968
1789 42143 4902
1790 37442 1387
1791 0 0
1792 0 0
1793 0 0
1794 660 594
1795 0 0
1796 0 0
1797 0 0
1798 0 0
1799 120 108
1800 0 0
1801 240 216
1802 60 54
1803 0 0
1804 300 270
1805 0 0
1806 0 0
1807 0 0
1808 0 0
1809 0 0
1810 0 0
1811 0 0
1812 0 0
1813 0 0
1814 180 162
1815 0 0
1816 0 0
1817 60 54
1818 0 0
1819 0 0
1820 0 0
1821 0 0
1822 0 0
1823 0 0
1824 60 54
1825 0 0
1826 0 0
1827 0 0
1828 0 0
1829 60 54
1830 0 0
1831 0 0
1832 180 162
1833 60 54
1834 300 270
1835 60 54
1836 0 0
1837 0 0
1838 0 0
1839 0 0
1840 0 0
1841 0 0
1842 0 0
1843 60 0
1844 120 108
1845 0 0
1846 180 162
1847 0 0
1848 0 0
1849 0 0
1850 0 0
1851 0 0
1852 0 0
1853 0 0
1854 300 270
1855 60 54
1856 0 0
1857 0 0
1858 0 0
1859 0 0
1860 272 108
1861 0 0
1862 0 0
1863 0 0
1864 300 270
1865 0 0
1866 0 0
1867 0 0
1868 0 0
1869 0 0
1870 0 0
1871 0 0
1872 0 0
1873 0 0
1874 0 0
1875 0 0
1876 0 0
1877 120 108
1878 0 0
1879 0 0
1880 0 0
1881 0 0
1882 0 0
1883 0 0
1884 0 0
1885 0 0
1886 0 0
1887 0 0
1888 0 0
1889 0 0
1890 0 0
1891 120 108
1892 120 108
1893 0 0
1894 120 108
1895 0 0
1896 0 0
1897 0 0
1898 0 0
1899 0 0
1900 0 0
1901 0 0
1902 0 0
1903 0 0
1904 0 0
1905 0 0
1906 0 0
1907 0 0
1908 0 0
1909 0 0
1910 0 0
1911 0 0
1912 0 0
1913 0 0
1914 0 0
1915 0 0
1916 0 0
1917 0 0
1918 0 0
1919 60 54
1920 0 0
1921 0 0
1922 945 869
1923 0 0
1924 180 162
1925 0 0
1926 0 0
1927 0 0
1928 680 1024
1929 93590 12263
1930 60 182
1931 0 0
1932 1615 1540
1933 0 0
1934 600 540
1935 0 0
1936 0 0
1937 0 0
1938 0 0
1939 0 0
1940 0 0
1941 0 0
1942 0 0
1943 0 0
1944 0 0
1945 0 0
1946 0 0
1947 0 0
1948 0 0
1949 0 0
1950 0 0
1951 0 0
1952 0 0
1953 0 0
1954 0 0
1955 0 0
1956 0 0
1957 0 0
1958 0 0
1959 0 0
1960 0 0
1961 0 0
1962 0 0
1963 0 0
1964 0 0
1965 0 0
1966 0 0
1967 0 0
1968 0 0
1969 0 0
1970 0 0
1971 0 0
1972 0 0
1973 0 0
1974 60 54
1975 0 0
1976 0 0
1977 0 0
1978 0 0
1979 0 0
1980 0 0
1981 0 0
1982 0 0
1983 0 0
1984 0 0
1985 0 0
1986 0 0
1987 0 0
1988 60 0
1989 0 0
1990 0 0
1991 0 0
1992 0 0
1993 0 0
1994 60 54
1995 0 0
1996 0 0
1997 0 0
1998 0 0
1999 0 0
2000 0 0
2001 0 0
2002 0 0
2003 0 0
2004 0 0
2005 0 0
2006 0 0
2007 0 0
2008 0 0
2009 0 0
2010 0 0
2011 0 0
2012 0 0
2013 0 0
2014 0 0
2015 0 0
2016 0 0
2017 0 0
2018 0 0
2019 60 54
2020 0 0
2021 0 0
2022 0 0
2023 0 0
2024 0 0
2025 0 0
2026 0 0
2027 0 0
2028 0 0
2029 0 0
2030 0 0
2031 0 0
2032 0 0
2033 0 0
2034 0 0
2035 0 0
2036 0 0
2037 0 0
2038 0 0
2039 0 0
2040 0 0
2041 0 0
2042 0 0
2043 0 0
2044 0 0
2045 0 0
2046 0 0
2047 0 0
2048 0 0
2049 0 0
2050 0 0
2051 0 0
2052 0 0
2053 0 0
2054 0 0
2055 0 0
2056 0 0
2057 0 0
2058 0 0
2059 0 0
2060 0 0
2061 0 0
2062 0 0
2063 0 0
2064 60 54
2065 0 0
2066 0 0
2067 0 0
2068 0 0
2069 0 0
2070 0 0
2071 0 0
2072 0 0
2073 0 0
2074 0 0
2075 0 0
2076 0 0
2077 0 0
2078 0 0
2079 0 0
2080 0 0
2081 0 0
2082 0 0
2083 0 0
2084 0 0
2085 0 0
2086 0 0
2087 0 0
2088 0 0
2089 0 0
2090 0 0
2091 0 0
2092 0 0
2093 0 0
2094 0 0
2095 0 0
2096 0 0
2097 0 0
2098 0 0
2099 0 0
2100 0 0
2101 0 0
2102 0 0
2103 0 0
2104 0 0
2105 0 0
2106 0 0
2107 0 0
2108 0 0
2109 60 54
2110 0 0
2111 0 0
2112 0 0
2113 0 0
2114 0 0
2115 0 0
2116 0 0
2117 0 0
2118 0 0
2119 0 0
2120 0 0
2121 0 0
2122 0 0
2123 0 0
2124 0 0
2125 0 0
2126 0 0
2127 0 0
2128 0 0
2129 0 0
2130 0 0
2131 0 0
2132 0 0
2133 0 0
2134 0 0
2135 0 0
2136 0 0
2137 0 0
2138 0 0
2139 0 0
2140 0 0
2141 0 0
2142 0 0
2143 0 0
2144 0 0
2145 0 0
2146 0 0
2147 0 0
2148 0 0
2149 0 0
2150 0 0
2151 0 0
2152 0 0
2153 0 0
2154 60 54
2155 0 0
2156 0 0
2157 0 0
2158 0 0
2159 0 0
2160 0 0
2161 0 0
2162 0 0
2163 0 0
2164 0 0
2165 0 0
2166 0 0
2167 0 0
2168 0 0
2169 60 54
2170 0 0
2171 0 0
2172 0 0
2173 0 0
2174 60 54
2175 0 0
2176 0 0
2177 0 0
2178 0 0
2179 0 0
2180 0 0
2181 0 0
2182 0 0
2183 0 0
2184 0 0
2185 0 0
2186 0 0
2187 0 0
2188 0 0
2189 0 0
2190 0 0
2191 0 0
2192 0 0
2193 0 0
2194 0 0
2195 0 0
2196 0 0
2197 0 0
2198 0 0
2199 0 0
2200 0 0
2201 0 0
2202 0 0
2203 0 0
2204 0 0
2205 0 0
2206 0 0
2207 0 0
2208 0 0
2209 0 0
2210 0 0
2211 0 0
2212 0 0
2213 0 0
2214 0 0
2215 0 0
2216 0 0
2217 0 0
2218 0 0
2219 0 0
2220 0 0
2221 0 0
2222 0 0
2223 0 0
2224 0 0
2225 0 0
2226 0 0
2227 0 0
2228 0 0
2229 0 0
2230 0 0
2231 0 0
2232 0 0
2233 0 0
2234 0 0
2235 0 0
2236 0 0
2237 0 0
2238 0 0
2239 0 0
2240 0 0
2241 0 0
2242 984 2359
2243 0 0
2244 0 0
2245 0 0
2246 0 0
2247 0 0
2248 0 0
2249 0 0
2250 0 0
2251 60 933
2252 5145 4312
2253 3507 1233
2254 0 0
2255 0 0
2256 0 0
2257 5407 2545
2258 145177 23222
2259 745116 26913
2260 193936 8107
2261 0 0
2262 360 324
2263 0 0
2264 1116 270
2265 0 0
2266 0 0
2267 0 0
2268 0 0
2269 0 0
2270 0 0
2271 0 0
2272 60 162
2273 0 0
2274 0 0
2275 0 0
2276 0 0
2277 0 0
2278 0 0
2279 0 0
2280 0 0
2281 0 0
2282 0 0
2283 0 0
2284 0 0
2285 0 0
2286 0 0
2287 0 0
2288 0 0
2289 60 54
2290 0 0
2291 0 0
2292 60 54
2293 0 0
2294 0 0
2295 0 0
2296 0 0
2297 0 0
2298 0 0
2299 0 0
2300 0 0
2301 0 0
2302 60 54
2303 60 54
2304 180 162
2305 420 378
2306 0 0
2307 0 0
2308 0 0
2309 0 0
2310 0 0
2311 0 0
2312 60 54
2313 0 0
2314 0 0
2315 0 0
2316 0 0
2317 60 54
2318 0 0
2319 0 0
2320 0 0
2321 0 0
2322 60 54
2323 0 0
2324 0 0
2325 0 0
2326 0 0
2327 0 0
2328 0 0
2329 0 0
2330 0 0
2331 0 0
2332 0 0
2333 0 0
2334 0 0
2335 0 0
2336 0 0
2337 0 0
2338 0 0
2339 0 0
2340 0 0
2341 0 0
2342 0 0
2343 0 0
2344 0 0
2345 0 0
2346 0 0
2347 0 0
2348 60 54
2349 120 108
2350 360 324
2351 0 0
2352 0 0
2353 0 0
2354 0 0
2355 0 0
2356 0 0
2357 0 0
2358 0 0
2359 0 0
2360 0 0
2361 0 0
2362 0 0
2363 0 0
2364 60 54
2365 0 0
2366 0 0
2367 0 0
2368 0 0
2369 0 0
2370 0 0
2371 0 0
2372 60 54
2373 0 0
2374 0 0
2375 0 0
2376 0 0
2377 0 0
2378 0 0
2379 0 0
2380 0 0
2381 0 0
2382 0 0
2383 0 0
2384 0 0
2385 0 0
2386 0 0
2387 0 0
2388 0 0
2389 0 0
2390 0 0
2391 0 0
2392 0 0
2393 60 54
2394 60 54
2395 360 324
2396 0 0
2397 0 0
2398 0 0
2399 0 0
2400 0 0
2401 0 0
2402 0 0
2403 0 0
2404 0 0
2405 0 0
2406 0 0
2407 0 0
2408 60 54
2409 0 0
2410 0 0
2411 0 0
2412 60 54
2413 0 0
2414 0 0
2415 0 0
2416 0 0
2417 0 0
2418 0 0
2419 0 0
2420 0 0
2421 0 0
2422 0 0
2423 0 0
2424 0 0
2425 0 0
2426 0 0
2427 0 0
2428 0 0
2429 0 0
2430 0 0
2431 0 0
2432 0 0
2433 0 0
2434 0 0
2435 0 0
2436 0 0
2437 0 0
2438 60 54
2439 0 0
2440 360 324
2441 0 0
2442 0 0
2443 0 0
2444 0 0
2445 0 0
2446 0 0
2447 0 0
2448 0 0
2449 0 0
2450 0 0
2451 0 0
2452 0 0
2453 0 0
2454 0 0
2455 0 0
2456 0 0
2457 0 0
2458 0 0
2459 0 0
2460 0 0
2461 0 0
2462 0 0
2463 0 0
2464 0 0
2465 0 0
2466 0 0
2467 0 0
2468 360 768
2469 0 0
2470 0 0
2471 0 0
2472 0 0
2473 0 0
2474 0 0
2475 0 0
2476 713 1079
2477 55119 10131
2478 101290 20137
2479 67383 13112
2480 0 0
2481 0 0
2482 600 540
2483 60 54
2484 0 0
2485 360 324
2486 0 0
2487 612 1489
2488 0 0
2489 0 0
2490 0 0
2491 0 0
2492 120 108
2493 0 0
2494 300 270
2495 60 54
2496 0 0
2497 0 0
2498 60 54
2499 0 0
2500 0 0
2501 0 0
2502 1080 972
2503 0 0
2504 0 0
2505 0 0
2506 0 0
2507 0 0
2508 0 0
2509 0 0
2510 0 0
2511 0 0
2512 0 0
2513 0 0
2514 0 0
2515 0 0
2516 0 0
2517 0 0
2518 0 0
2519 0 0
2520 0 0
2521 0 0
2522 60 54
2523 0 0
2524 300 270
2525 864 1999
2526 26188 1997
2527 12713 12375
2528 101505 22208
2529 5259 6059
2530 10897 1080
2531 30769 1674
2532 20249 2078
2533 0 0
2534 0 0
2535 0 0
2536 0 0
2537 0 0
2538 0 0
2539 0 0
2540 0 0
2541 0 0
2542 240 216
2543 0 0
2544 0 0
2545 0 0
2546 0 0
2547 0 0
2548 60 54
2549 0 0
2550 0 0
2551 0 0
2552 60 54
2553 0 0
2554 0 0
2555 0 0
2556 0 0
2557 0 0
2558 0 0
2559 0 0
2560 0 0
2561 120 108
2562 600 540
2563 0 0
2564 0 0
2565 0 0
2566 0 0
2567 60 54
2568 0 0
2569 0 0
2570 60 54
2571 0 0
2572 240 216
2573 300 270
2574 0 0
2575 0 0
2576 0 0
2577 0 0
2578 0 0
2579 0 0
2580 0 0
2581 0 0
2582 0 0
2583 0 0
2584 0 0
2585 60 54
2586 0 0
2587 0 0
2588 0 0
2589 0 0
2590 0 0
2591 0 0
2592 60 54
2593 60 54
2594 0 0
2595 0 0
2596 0 0
2597 0 0
2598 0 0
2599 0 0
2600 0 0
2601 0 0
2602 60 54
2603 0 0
2604 0 0
2605 0 0
2606 0 0
2607 0 0
2608 0 0
2609 0 0
2610 0 0
2611 0 0
2612 0 0
2613 0 0
2614 0 0
2615 0 0
2616 0 0
2617 120 108
2618 360 324
2619 0 0
2620 0 0
2621 0 0
2622 0 0
2623 0 0
2624 0 0
2625 0 0
2626 0 0
2627 0 0
2628 0 0
2629 0 0
2630 0 0
2631 0 0
2632 0 0
2633 0 0
2634 0 0
2635 0 0
2636 0 0
2637 0 0
2638 0 0
2639 0 0
2640 0 0
2641 0 0
2642 0 0
2643 0 0
2644 0 0
2645 0 0
2646 0 0
2647 0 0
2648 0 0
2649 0 0
2650 0 0
2651 0 0
2652 0 0
2653 0 0
2654 0 0
2655 0 0
2656 0 0
2657 0 0
2658 0 0
2659 0 0
2660 0 0
2661 0 0
2662 120 108
2663 360 324
2664 0 0
2665 0 0
2666 0 0
2667 0 0
2668 0 0
2669 0 0
2670 0 0
2671 0 0
2672 0 0
2673 0 0
2674 0 0
2675 0 0
2676 0 0
2677 0 0
2678 0 0
2679 0 0
2680 0 0
2681 0 0
2682 0 0
2683 0 0
2684 0 0
2685 0 0
2686 0 0
2687 0 0
2688 0 0
2689 0 0
2690 0 0
2691 0 0
2692 0 0
2693 0 0
2694 0 0
2695 0 0
2696 0 0
2697 0 0
2698 0 0
2699 0 0
2700 0 0
2701 0 0
2702 0 0
2703 60 54
2704 0 0
2705 0 0
2706 0 0
2707 0 0
2708 420 378
2709 0 0
2710 0 0
2711 0 0
2712 0 0
2713 0 0
2714 0 0
2715 0 0
2716 0 0
2717 60 54
2718 0 0
2719 0 0
2720 0 0
2721 0 0
2722 60 54
2723 0 0
2724 0 0
2725 0 0
2726 0 0
2727 0 0
2728 0 0
2729 0 0
2730 0 0
2731 0 0
2732 0 0
2733 0 0
2734 0 0
2735 0 0
2736 0 0
2737 0 0
2738 0 0
2739 0 0
2740 0 0
2741 0 0
2742 0 0
2743 0 0
2744 0 0
2745 0 0
2746 0 0
2747 0 0
2748 0 0
2749 0 0
2750 0 0
2751 0 0
2752 0 0
2753 420 378
2754 0 0
2755 0 0
2756 0 0
2757 0 0
2758 0 0
2759 0 0
2760 0 0
2761 612 1466
2762 0 0
2763 0 0
2764 0 0
2765 15007 1672
2766 18051 5305
2767 1968 2106
2768 3842 4335
2769 35266 3593
2770 79543 7718
2771 82235 16914
2772 349663 29985
2773 377223 21404
2774 572303 26480
2775 766166 34841
2776 963349 34568
2777 858317 27539
2778 794384 26966
2779 756827 26713
2780 629174 24126
2781 663839 27355
2782 546905 24245
2783 41315 9446
2784 423513 12981
2785 541731 17267
2786 627005 19966
2787 660121 23184
2788 290852 9607
2789 0 0
2790 0 0
2791 0 0
2792 16008 2251
2793 342851 12126
2794 172585 5670
2795 60 54
2796 0 0
2797 0 0
2798 60 54
2799 0 0
2800 0 0
2801 0 0
2802 60 54
2803 0 0
2804 0 0
2805 0 0
2806 0 0
2807 60 0
2808 180 162
2809 0 0
2810 0 0
2811 0 0
2812 360 324
2813 60 54
2814 0 0
2815 0 0
2816 300 270
2817 180 162
2818 420 378
2819 180 162
2820 300 270
2821 300 270
2822 0 0
2823 0 0
2824 0 0
2825 0 0
2826 0 0
2827 0 0
2828 60 54
2829 0 0
2830 0 0
2831 60 54
2832 240 216
2833 0 0
2834 0 0
2835 0 0
2836 60 54
2837 180 162
2838 420 378
2839 60 54
2840 0 0
2841 60 54
2842 780 702
2843 0 0
2844 14622 2994
2845 17418 1356
2846 0 0
2847 0 0
2848 0 0
2849 0 0
2850 0 0
2851 0 0
2852 0 0
2853 0 0
2854 0 0
2855 0 0
2856 0 0
2857 0 0
2858 0 0
2859 60 54
2860 0 0
2861 180 162
2862 1380 1242
2863 0 0
2864 60 54
2865 180 162
2866 240 216
2867 13962 1603
2868 115014 5137
2869 175314 3942
2870 21656 648
2871 0 0
2872 0 0
2873 31509 2271
2874 0 0
2875 14752 4525
2876 194084 4374
2877 126963 3132
2878 0 0
2879 0 0
2880 0 0
2881 0 0
2882 180 992
2883 31101 2543
2884 0 0
2885 0 0
2886 0 0
2887 0 0
2888 0 0
2889 0 0
2890 60 54
2891 0 0
2892 15374 3513
2893 149071 14551
2894 371253 12274
2895 312 815
2896 0 0
2897 0 0
2898 0 0
2899 0 0
2900 0 0
2901 60 54
2902 60 54
2903 0 0
2904 0 0
2905 0 0
2906 180 162
2907 0 0
2908 0 0
2909 60 54
2910 180 162
2911 360 324
2912 1080 972
2913 0 0
2914 0 0
2915 0 0
2916 0 0
2917 0 0
2918 0 0
2919 0 0
2920 0 0
2921 0 0
2922 0 0
2923 0 0
2924 0 0
2925 0 0
2926 0 0
2927 0 0
2928 0 0
2929 0 0
2930 0 0
2931 0 0
2932 0 0
2933 0 0
2934 0 0
2935 0 0
2936 0 0
2937 0 0
2938 120 108
2939 0 0
2940 60 54
2941 0 0
2942 0 0
2943 0 0
2944 0 0
2945 0 0
2946 0 0
2947 0 0
2948 0 0
2949 0 0
2950 0 0
2951 180 162
2952 0 0
2953 3165 4881
2954 13197 2627
2955 6677 1499
2956 360 324
2957 0 0
2958 0 0
2959 0 0
2960 0 0
2961 0 0
2962 0 0
2963 0 0
2964 0 0
2965 0 0
2966 0 0
2967 0 0
2968 0 0
2969 0 0
2970 0 0
2971 0 0
2972 0 0
2973 0 0
2974 0 0
2975 0 0
2976 0 0
2977 0 0
2978 0 0
2979 826 1899
2980 382945 45219
2981 115989 6618
2982 47508 16973
2983 13804 1505
2984 0 0
2985 0 0
2986 520297 33009
2987 76228 6993
2988 84357 12878
2989 28695 432
2990 30944 1975
2991 26889 1892
2992 133730 25255
2993 42920 3978
2994 400 1626
2995 900 3625
2996 11130 1759
2997 120 108
2998 610 1647
2999 372 890
3000 120 108
3001 1913 2219
3002 3149 4226
3003 16804 2918
3004 1743 108
3005 0 0
3006 60 54
3007 0 0
3008 60 54
3009 0 0
3010 1231 216
3011 120 108
3012 1200 1134
3013 60 54
3014 0 0
3015 60 54
3016 180 162
3017 123408 21189
3018 365723 39873
3019 3023 1217
3020 0 0
3021 0 0
3022 360 324
3023 0 0
3024 0 0
3025 240 216
3026 0 0
3027 180 162
3028 120 108
3029 0 0
3030 60 54
3031 60 54
3032 180 162
3033 360 324
3034 60 54
3035 0 0
3036 60 54
3037 420 378
3038 180 162
3039 0 0
3040 60 54
3041 120 108
3042 300 270
3043 120 108
3044 180 162
3045 60 54
3046 0 0
3047 60 54
3048 60 54
3049 120 108
3050 60 54
3051 120 108
3052 720 648
3053 180 162
3054 0 0
3055 60 54
3056 0 0
3057 0 0
3058 0 0
3059 0 0
3060 0 0
3061 0 0
3062 600 540
3063 1200 1080
3064 60 54
3065 0 0
3066 240 216
3067 120 108
3068 60 54
3069 60 54
3070 300 270
3071 0 0
3072 900 810
3073 180 162
3074 0 0
3075 0 0
3076 60 54
3077 120 108
3078 120 108
3079 60 54
3080 0 0
3081 0 0
3082 480 432
3083 120 108
3084 120 108
3085 0 0
3086 120 108
3087 0 0
3088 0 0
3089 0 0
3090 0 0
3091 60 54
3092 180 162
3093 0 0
3094 60 54
3095 0 0
3096 0 0
3097 0 0
3098 0 0
3099 60 54
3100 0 0
3101 0 0
3102 120 108
3103 0 0
3104 0 0
3105 0 0
3106 0 0
3107 480 950
3108 852 1322
3109 0 0
3110 0 0
3111 0 0
3112 5508 5051
3113 18606 1818
3114 0 0
3115 120 108
3116 0 0
3117 0 0
3118 77987 15015
3119 63172 20286
3120 5374 2096
3121 60 54
3122 540 486
3123 120 108
3124 822 1109
3125 0 0
3126 0 0
3127 0 0
3128 60 54
3129 0 0
3130 0 0
3131 120 162
3132 120 108
3133 180 162
3134 300 270
3135 11045 10413
3136 35007 23628
3137 12589 11332
3138 29862 16297
3139 34194 33454
3140 0 0
3141 1765 3731
3142 60 54
3143 1285 2705
3144 0 0
3145 0 0
3146 1345 3334
3147 0 0
3148 0 0
3149 0 0
3150 0 0
3151 0 0
3152 600 594
3153 540 486
3154 360 54
3155 120 108
3156 0 0
3157 60 54
3158 60 54
3159 0 0
3160 60 54
3161 60 54
3162 600 540
3163 120 108
3164 552 1356
3165 0 0
3166 0 0
3167 0 0
3168 120 108
3169 120 108
3170 0 0
3171 0 0
3172 60 54
3173 60 54
3174 0 0
3175 0 0
3176 120 108
3177 0 0
3178 0 0
3179 0 0
3180 0 0
3181 0 0
3182 540 486
3183 0 0
3184 0 0
3185 0 0
3186 0 0
3187 12372 10259
3188 91417 30112
3189 179880 11012
3190 72798 8938
3191 18255 3044
3192 0 0
3193 0 0
3194 0 0
3195 883 1190
3196 0 0
3197 0 54
3198 420 378
3199 0 0
3200 0 54
3201 0 0
3202 240 216
3203 300 216
3204 0 54
3205 120 108
3206 60 54
3207 0 0
3208 180 162
3209 0 0
3210 809 1303
3211 312 844
3212 180 162
3213 120 108
3214 120 108
3215 0 0
3216 0 0
3217 0 0
3218 60 54
3219 0 0
3220 0 0
3221 120 108
3222 600 540
3223 60 54
3224 0 0
3225 60 54
3226 60 54
3227 0 0
3228 446 270
3229 0 0
3230 0 0
3231 0 0
3232 300 270
3233 0 0
3234 0 0
3235 0 0
3236 0 0
3237 0 0
3238 0 0
3239 0 0
3240 0 0
3241 795 1003
3242 0 0
3243 179046 16011
3244 143909 4981
3245 175578 10003
3246 191036 7020
3247 213830 24917
3248 621304 19380
3249 943103 33015
3250 93337 8855
3251 34468 14065
3252 2041 915
3253 60 54
3254 12142 4482
3255 1535 1042
3256 2112 432
3257 0 0
3258 0 0
3259 664 162
3260 0 0
3261 60 54
3262 900 1026
3263 0 0
3264 0 0
3265 0 0
3266 120 108
3267 0 0
3268 25865 1659
3269 11444 1029
3270 0 0
3271 0 0
3272 120 108
3273 0 0
3274 0 0
3275 1599 3165
3276 0 0
3277 0 0
3278 0 0
3279 0 0
3280 0 0
3281 0 0
3282 1085 2124
3283 46331 10503
3284 178445 30230
3285 127868 29753
3286 83812 17702
3287 7026 4360
3288 600 614
3289 712 270
3290 60 162
3291 240 216
3292 2516 1458
3293 0 0
3294 180 162
3295 0 0
3296 300 324
3297 60 54
3298 0 0
3299 1222 2673
3300 60 54
3301 60 54
3302 1080 1188
3303 0 0
3304 0 0
3305 0 0
3306 710 1053
3307 27529 8946
3308 74025 10059
3309 102943 11717
3310 122122 10002
3311 60 54
3312 540 486
3313 0 0
3314 0 0
3315 60 54
3316 0 0
3317 0 0
3318 550 2187
3319 252 54
3320 300 270
3321 60 108
3322 1320 1188
3323 19707 5473
3324 3059 3078
3325 965 1029
3326 0 0
3327 2371 1082
3328 23368 2834
3329 3302 4076
3330 32694 2607
3331 3213 2113
3332 14564 1982
3333 60 54
3334 826 1849
3335 183408 6768
3336 118126 18425
3337 40666 14664
3338 38279 13580
3339 10455 7273
3340 0 0
3341 120 162
3342 60 54
3343 604 54
3344 60 54
3345 60 54
3346 0 0
3347 0 0
3348 0 0
3349 60 54
3350 0 0
3351 0 0
3352 2760 2484
3353 60 54
3354 60 54
3355 0 0
3356 0 0
3357 0 0
3358 0 0
3359 0 0
3360 0 0
3361 0 0
3362 60 54
3363 0 0
3364 0 0
3365 0 0
3366 0 0
3367 0 0
3368 0 0
3369 0 0
3370 0 0
3371 0 0
3372 0 0
3373 0 0
3374 180 162
3375 120 108
3376 0 0
3377 0 0
3378 60 54
3379 60 54
3380 0 0
3381 480 432
3382 780 702
3383 600 540
3384 600 540
3385 0 0
3386 60 54
3387 60 54
3388 0 0
3389 120 108
3390 180 162
3391 0 0
3392 120 108
3393 0 0
3394 60 54
3395 0 0
3396 0 0
3397 60 54
3398 0 0
3399 0 0
3400 0 0
3401 0 0
3402 120 108
3403 60 1197
3404 16462 2037
3405 37720 6949
3406 224350 18597
3407 18505 14076
3408 0 0
3409 0 0
3410 0 0
3411 0 0
3412 4777 378
3413 0 0
3414 0 0
3415 0 0
3416 1630 270
3417 60 54
3418 0 0
3419 240 216
3420 120 108
3421 0 0
3422 1740 1836
3423 60 54
3424 0 0
3425 0 0
3426 0 0
3427 120 108
3428 480 432
3429 300 270
3430 0 0
3431 60 54
3432 441 378
3433 0 0
3434 60 54
3435 120 108
3436 0 0
3437 0 0
3438 0 0
3439 60 54
3440 0 0
3441 0 0
3442 0 0
3443 0 0
3444 0 0
3445 0 0
3446 1066 1652
3447 1534 1032
3448 69631 9061
3449 328406 35710
3450 56281 13456
3451 67749 16757
3452 213825 20920
3453 0 0
3454 0 0
3455 0 0
3456 0 0
3457 0 0
3458 0 0
3459 0 0
3460 0 0
3461 0 0
3462 240 216
3463 0 0
3464 240 216
3465 60 54
3466 60 1699
3467 1192 2022
3468 799 2721
3469 6469 9214
3470 17213 14496
3471 10005 3170
3472 600 2357
3473 1486 2038
3474 240 216
3475 695 1048
3476 140120 7992
3477 73607 21872
3478 131319 14083
3479 91568 12200
3480 4838 1865
3481 8986 3840
3482 25282 22349
3483 35070 8340
3484 56078 17819
3485 147621 9508
3486 40139 8137
3487 4053 2181
3488 120 182
3489 177799 3348
3490 412808 12960
3491 244516 7344
3492 226389 7341
3493 460815 7344
3494 36413 1134
3495 480 432
3496 1560 1404
3497 540 486
3498 0 0
3499 300 324
3500 0 0
3501 60 54
3502 900 810
3503 60 54
3504 101557 6737
3505 109250 6329
3506 0 0
3507 0 0
3508 0 0
3509 391 324
3510 60 54
3511 480 432
3512 720 648
3513 0 0
3514 0 0
3515 300 270
3516 60 54
3517 300 640
3518 612 1115
3519 240 216
3520 0 0
3521 60 54
3522 540 486
3523 60 54
3524 120 108
3525 60 54
3526 0 0
3527 180 162
3528 360 324
3529 420 378
3530 120 108
3531 240 216
3532 1200 1080
3533 0 0
3534 0 0
3535 0 0
3536 0 0
3537 60 54
3538 240 216
3539 120 108
3540 360 324
3541 1080 972
3542 540 486
3543 0 0
3544 60 54
3545 0 0
3546 0 0
3547 0 0
3548 0 0
3549 180 162
3550 180 1045
3551 120 789
3552 93675 6109
3553 182075 26368
3554 200248 18200
3555 76223 2815
3556 70971 5759
3557 17075 7267
3558 114974 26211
3559 125303 12798
3560 12785 38019
3561 28580 57274
3562 25554 56531
3563 84556 9046
3564 4241 3266
3565 13172 2403
3566 312 846
3567 4782 1133
3568 182944 3674
3569 303601 8316
3570 300 270
3571 420 378
3572 1920 1728
3573 60 108
3574 0 0
3575 120 108
3576 180 162
3577 332 162
3578 0 0
3579 300 270
3580 0 0
3581 0 0
3582 1500 1350
3583 180 162
3584 120 108
3585 240 216
3586 600 540
3587 420 378
3588 60 54
3589 331 216
3590 0 0
3591 0 0
3592 360 324
3593 0 0
3594 0 0
3595 120 108
3596 0 0
3597 60 54
3598 780 702
3599 360 324
3600 0 0
3601 60 54
3602 1438 2440
3603 540 486
3604 180 162
3605 420 378
3606 60 54
3607 420 378
3608 720 648
3609 0 0
3610 0 0
3611 106618 11103
3612 141539 19157
3613 263380 20937
3614 74324 19326
3615 4962 2519
3616 0 0
3617 60 54
3618 664 162
3619 720 702
3620 120 108
3621 120 108
3622 840 756
3623 120 108
3624 180 162
3625 180 162
3626 0 0
3627 60 54
3628 300 270
3629 180 162
3630 240 216
3631 600 540
3632 1200 1188
3633 0 0
3634 0 0
3635 0 0
3636 0 0
3637 0 0
3638 0 0
3639 0 0
3640 0 0
3641 0 0
3642 420 378
3643 420 378
3644 0 0
3645 0 0
3646 0 0
3647 300 270
3648 420 324
3649 0 0
3650 420 324
3651 360 324
3652 960 864
3653 240 216
3654 60 54
3655 0 0
3656 180 162
3657 420 378
3658 480 432
3659 420 378
3660 120 108
3661 0 0
3662 180 162
3663 120 108
3664 0 0
3665 120 108
3666 60 54
3667 0 0
3668 0 0
3669 0 0
3670 0 0
3671 0 0
3672 60 54
3673 0 0
3674 120 108
3675 120 108
3676 540 486
3677 180 216
3678 0 0
3679 0 0
3680 0 0
3681 0 0
3682 720 648
3683 0 0
3684 60 54
3685 60 54
3686 60 54
3687 0 0
3688 0 0
3689 60 54
3690 60 54
3691 240 216
3692 600 540
3693 360 324
3694 0 0
3695 60 54
3696 60 54
3697 180 162
3698 240 216
3699 60 54
3700 0 0
3701 120 108
3702 600 540
3703 300 270
3704 540 486
3705 180 162
3706 0 0
3707 0 0
3708 120 108
3709 0 0
3710 540 486
3711 60 54
3712 1020 918
3713 0 0
3714 0 0
3715 0 0
3716 0 0
3717 0 0
3718 0 0
3719 180 162
3720 0 0
3721 60 54
3722 180 162
3723 0 0
3724 0 0
3725 424 216
3726 60 54
3727 0 0
3728 0 0
3729 0 108
3730 0 0
3731 0 0
3732 261 216
3733 0 0
3734 0 0
3735 60 54
3736 0 0
3737 0 0
3738 360 324
3739 60 54
3740 60 54
3741 0 0
3742 180 162
3743 240 216
3744 0 0
3745 0 0
3746 120 108
3747 360 324
3748 300 270
3749 420 378
3750 120 108
3751 0 0
3752 120 108
3753 120 108
3754 0 0
3755 0 0
3756 0 0
3757 0 0
3758 0 0
3759 1266 810
3760 0 0
3761 0 0
3762 0 0
3763 0 0
3764 60 54
3765 0 0
3766 0 0
3767 0 0
3768 0 0
3769 0 0
3770 0 0
3771 0 0
3772 0 0
3773 0 0
3774 60 54
3775 0 0
3776 0 0
3777 0 0
3778 0 0
3779 60 54
3780 0 0
3781 0 0
3782 60 54
3783 360 324
3784 60 54
3785 60 54
3786 0 0
3787 120 108
3788 180 162
3789 0 0
3790 0 0
3791 120 108
3792 600 540
3793 300 270
3794 420 378
3795 120 108
3796 0 0
3797 60 54
3798 360 324
3799 120 108
3800 60 54
3801 0 0
3802 600 540
3803 120 108
3804 0 0
3805 0 0
3806 0 0
3807 0 0
3808 120 108
3809 120 108
3810 0 0
3811 0 0
3812 240 216
3813 0 0
3814 0 0
3815 0 0
3816 0 0
3817 0 0
3818 0 0
3819 0 0
3820 0 0
3821 0 0
3822 0 0
3823 0 0
3824 60 54
3825 0 0
3826 0 0
3827 0 0
3828 0 0
3829 0 0
3830 0 0
3831 0 0
3832 60 54
3833 0 0
3834 0 0
3835 0 0
3836 120 108
3837 360 324
3838 300 270
3839 360 324
3840 120 108
3841 1956 3686
3842 0 0
3843 0 0
3844 0 0
3845 0 0
3846 0 0
3847 0 0
3848 0 0
3849 0 0
3850 0 0
3851 0 0
3852 1200 1080
3853 120 108
3854 696 324
3855 60 54
3856 0 0
3857 0 0
3858 0 0
3859 0 108
3860 0 0
3861 0 0
3862 360 324
3863 60 0
3864 0 0
3865 0 0
3866 0 0
3867 0 0
3868 0 0
3869 240 216
3870 0 0
3871 0 0
3872 0 0
3873 0 0
3874 0 0
3875 0 0
3876 0 0
3877 0 0
3878 0 0
3879 0 0
3880 0 0
3881 120 108
3882 120 108
3883 180 162
3884 120 108
3885 0 0
3886 120 108
3887 0 0
3888 0 0
3889 0 0
3890 0 0
3891 0 0
3892 0 0
3893 0 0
3894 0 0
3895 0 0
3896 0 0
3897 0 0
3898 0 0
3899 0 0
3900 0 0
3901 120 108
3902 60 54
3903 0 0
3904 0 0
3905 0 0
3906 0 0
3907 0 0
3908 0 0
3909 60 54
3910 0 0
3911 0 0
3912 120 108
3913 0 0
3914 0 0
3915 0 0
3916 0 0
3917 0 0
3918 0 0
3919 1084 648
3920 0 0
3921 0 0
3922 360 324
3923 0 0
3924 0 0
3925 0 0
3926 0 0
3927 0 0
3928 0 0
3929 0 0
3930 0 0
3931 60 54
3932 0 0
3933 0 0
3934 0 0
3935 0 0
3936 0 0
3937 0 0
3938 0 0
3939 0 0
3940 0 0
3941 0 0
3942 0 0
3943 0 0
3944 0 0
3945 0 0
3946 0 0
3947 0 0
3948 0 0
3949 0 0
3950 0 0
3951 0 0
3952 0 0
3953 0 0
3954 0 0
3955 0 0
3956 0 0
3957 0 0
3958 4209 4923
3959 1747 1945
3960 1912 2061
3961 17655 1657
3962 16637 1762
3963 0 0
3964 0 0
3965 5515 1602
3966 29248 11267
3967 51750 3525
3968 0 0
3969 0 0
3970 0 0
3971 0 0
3972 0 0
3973 0 0
3974 0 0
3975 0 0
3976 60 54
3977 0 0
3978 0 0
3979 0 0
3980 0 0
3981 0 0
3982 480 432
3983 0 0
3984 0 0
3985 0 0
3986 0 0
3987 0 0
3988 0 0
3989 0 0
3990 0 0
3991 0 0
3992 0 0
3993 0 0
3994 0 0
3995 0 0
3996 0 0
3997 0 0
3998 0 0
3999 0 0
4000 0 0
4001 0 0
4002 0 0
4003 0 0
4004 0 0
4005 60 54
4006 0 0
4007 0 0
4008 0 0
4009 0 0
4010 60 54
4011 360 324
4012 240 216
4013 0 0
4014 0 0
4015 0 0
4016 0 0
4017 0 0
4018 0 0
4019 0 0
4020 60 54
4021 60 54
4022 60 54
4023 0 0
4024 550 1593
4025 372 892
4026 0 0
4027 0 0
4028 0 0
4029 0 0
4030 2486 3017
4031 14321 1874
4032 3892 756
4033 0 0
4034 0 0
4035 0 0
4036 0 0
4037 0 0
4038 0 0
4039 0 0
4040 0 0
4041 0 0
4042 480 432
4043 0 0
4044 0 0
4045 48727 5684
4046 0 0
4047 0 0
4048 0 0
4049 0 0
4050 0 0
4051 0 0
4052 0 0
4053 0 0
4054 0 0
4055 0 0
4056 120 108
4057 0 0
4058 0 0
4059 0 0
4060 120 108
4061 0 0
4062 1238 1828
4063 312 848
4064 0 0
4065 0 0
4066 0 0
4067 0 0
4068 6486 2084
4069 159046 21699
4070 255294 31418
4071 188423 11837
4072 71435 3313
4073 720 54
4074 0 0
4075 0 0
4076 0 0
4077 0 0
4078 0 0
4079 0 0
4080 0 0
4081 120 108
4082 1370 2316
4083 0 0
4084 0 0
4085 0 0
4086 0 0
4087 0 0
4088 30626 8179
4089 89117 19423
4090 21852 11235
4091 19549 8081
4092 42863 13702
4093 22913 12952
4094 12490 12950
4095 7632 9242
4096 8939 16587
4097 29312 11915
4098 562 1880
4099 60 54
4100 0 0
4101 0 0
4102 780 864
4103 120 108
4104 528 108
4105 60 54
4106 0 0
4107 0 0
4108 0 0
4109 3885 2008
4110 22413 3219
4111 2701 108
4112 1320 1242
4113 120 108
4114 60 54
4115 300 270
4116 600 540
4117 240 216
4118 60 54
4119 240 216
4120 0 0
4121 0 0
4122 420 378
4123 0 0
4124 0 0
4125 0 0
4126 0 0
4127 120 108
4128 120 108
4129 0 0
4130 0 0
4131 0 0
4132 240 216
4133 0 0
4134 60 54
4135 180 162
4136 420 378
4137 60 54
4138 120 108
4139 60 54
4140 0 0
4141 240 216
4142 480 432
4143 60 54
4144 120 108
4145 0 0
4146 0 0
4147 120 108
4148 0 0
4149 0 0
4150 0 0
4151 0 0
4152 180 162
4153 0 0
4154 60 54
4155 0 0
4156 0 0
4157 0 0
4158 60 54
4159 0 0
4160 300 270
4161 660 594
4162 300 270
4163 120 108
4164 0 0
4165 0 0
4166 0 0
4167 0 0
4168 60 108
4169 60 54
4170 0 0
4171 0 0
4172 180 162
4173 60 54
4174 0 0
4175 0 0
4176 0 0
4177 0 0
4178 0 0
4179 0 0
4180 120 108
4181 300 270
4182 120 108
4183 60 54
4184 0 0
4185 0 0
4186 240 216
4187 360 324
4188 0 0
4189 60 54
4190 0 0
4191 0 0
4192 60 54
4193 0 0
4194 0 0
4195 0 0
4196 0 0
4197 0 0
4198 0 0
4199 0 0
4200 0 0
4201 0 0
4202 0 0
4203 0 0
4204 0 0
4205 300 270
4206 660 594
4207 300 270
4208 120 108
4209 0 0
4210 0 0
4211 0 0
4212 0 0
4213 0 0
4214 0 0
4215 0 0
4216 0 0
4217 120 108
4218 0 0
4219 0 0
4220 0 0
4221 0 0
4222 420 748
4223 312 815
4224 0 0
4225 120 108
4226 300 270
4227 15387 2562
4228 60 54
4229 2504 3046
4230 1717 2061
4231 3295 3984
4232 16023 2748
4233 0 0
4234 15880 2716
4235 0 0
4236 0 0
4237 0 0
4238 0 0
4239 0 0
4240 0 0
4241 0 0
4242 360 324
4243 0 0
4244 0 0
4245 0 0
4246 0 0
4247 0 0
4248 0 0
4249 732 1087
4250 300 270
4251 114055 14749
4252 294616 90115
4253 36371 12072
4254 20339 2603
4255 0 0
4256 0 0
4257 420 378
4258 1020 918
4259 180 162
4260 60 54
4261 0 0
4262 1860 1728
4263 120 108
4264 0 0
4265 0 0
4266 0 0
4267 0 0
4268 0 0
4269 0 0
4270 120 108
4271 240 216
4272 360 324
4273 60 54
4274 0 0
4275 0 0
4276 60 54
4277 120 108
4278 0 0
4279 0 0
4280 0 0
4281 0 0
4282 0 0
4283 0 0
4284 0 0
4285 0 0
4286 0 0
4287 60 54
4288 0 0
4289 0 0
4290 0 0
4291 60 54
4292 240 216
4293 0 0
4294 60 54
4295 300 270
4296 540 486
4297 720 648
4298 120 108
4299 180 162
4300 0 0
4301 0 0
4302 0 0
4303 0 0
4304 0 0
4305 0 0
4306 0 0
4307 0 0
4308 0 0
4309 60 54
4310 0 0
4311 0 0
4312 420 378
4313 60 54
4314 60 54
4315 120 108
4316 180 162
4317 0 0
4318 60 54
4319 0 0
4320 0 0
4321 60 54
4322 420 378
4323 0 0
4324 0 0
4325 0 0
4326 0 0
4327 0 0
4328 0 0
4329 0 0
4330 424 216
4331 332 216
4332 180 324
4333 60 54
4334 0 0
4335 0 0
4336 60 54
4337 60 54
4338 0 0
4339 0 0
4340 300 270
4341 540 486
4342 660 594
4343 120 108
4344 120 108
4345 0 0
4346 0 0
4347 0 0
4348 0 0
4349 0 0
4350 0 0
4351 0 0
4352 0 0
4353 0 0
4354 0 0
4355 0 0
4356 0 0
4357 0 0
4358 0 0
4359 0 0
4360 0 0
4361 0 0
4362 0 0
4363 0 0
4364 0 0
4365 0 0
4366 0 0
4367 120 108
4368 711 648
4369 0 0
4370 0 0
4371 0 0
4372 2100 1890
4373 0 0
4374 0 0
4375 0 0
4376 0 0
4377 0 0
4378 0 0
4379 0 0
4380 0 0
4381 60 54
4382 0 0
4383 0 0
4384 0 0
4385 0 0
4386 0 0
4387 120 108
4388 60 54
4389 120 108
4390 0 0
4391 0 0
4392 0 0
4393 0 0
4394 0 0
4395 0 0
4396 0 0
4397 0 0
4398 0 0
4399 0 0
4400 0 0
4401 0 0
4402 240 216
4403 0 0
4404 0 0
4405 0 0
4406 0 0
4407 0 0
4408 0 0
4409 0 0
4410 0 0
4411 0 0
4412 0 0
4413 0 0
4414 0 0
4415 0 0
4416 0 0
4417 0 0
4418 0 0
4419 0 0
4420 0 0
4421 0 0
4422 0 0
4423 0 0
4424 0 0
4425 0 0
4426 0 0
4427 0 0
4428 0 0
4429 0 0
4430 0 0
4431 0 0
4432 120 108
4433 60 54
4434 120 108
4435 0 0
4436 0 0
4437 0 0
4438 0 0
4439 0 0
4440 0 0
4441 0 0
4442 0 0
4443 0 0
4444 0 0
4445 0 0
4446 0 0
4447 0 0
4448 0 0
4449 0 0
4450 0 0
4451 0 0
4452 0 0
4453 0 0
4454 0 0
4455 0 0
4456 0 0
4457 0 0
4458 0 0
4459 0 0
4460 0 0
4461 0 0
4462 0 0
4463 0 0
4464 0 0
4465 0 0
4466 0 0
4467 0 0
4468 0 0
4469 0 0
4470 0 0
4471 0 0
4472 0 0
4473 0 0
4474 0 0
4475 0 0
4476 0 0
4477 120 108
4478 60 54
4479 120 108
4480 0 0
4481 0 0
4482 0 0
4483 0 0
4484 0 0
4485 0 0
4486 0 0
4487 0 0
4488 0 0
4489 0 0
4490 0 0
4491 0 0
4492 240 216
4493 272 108
4494 0 0
4495 0 0
4496 0 0
4497 0 0
4498 0 0
4499 0 0
4500 0 0
4501 0 0
4502 0 0
4503 0 0
4504 0 0
4505 0 0
4506 0 0
4507 0 0
4508 0 0
4509 0 0
4510 0 0
4511 0 0
4512 240 216
4513 0 0
4514 0 0
4515 0 0
4516 0 0
4517 0 0
4518 0 0
4519 0 0
4520 0 0
4521 0 0
4522 0 0
4523 0 0
4524 0 0
4525 0 0
4526 0 0
4527 0 0
4528 0 0
4529 0 0
4530 0 0
4531 0 0
4532 0 0
4533 0 0
4534 0 0
4535 0 0
4536 0 0
4537 0 0
4538 0 0
4539 0 0
4540 0 0
4541 0 0
4542 0 0
4543 0 0
4544 0 0
4545 0 0
4546 0 0
4547 0 0
4548 0 0
4549 0 0
4550 0 0
4551 0 0
4552 0 0
4553 0 0
4554 0 0
4555 0 0
4556 0 0
4557 0 0
4558 0 0
4559 0 0
4560 0 0
4561 0 0
4562 0 0
4563 0 0
4564 0 0
4565 0 0
4566 0 0
4567 420 1529
4568 0 0
4569 0 0
4570 0 0
4571 3581 4923
4572 20046 3897
4573 3292 216
4574 846 1916
4575 327509 12532
4576 668494 79229
4577 257548 31788
4578 76098 12066
4579 23533 18841
4580 28206 5987
4581 9098 2610
4582 111780 6595
4583 1966 1675
4584 2626 2196
4585 5437 2955
4586 0 0
4587 1080 972
4588 60 54
4589 60 54
4590 0 0
4591 0 0
4592 0 0
4593 0 0
4594 0 0
4595 0 0
4596 0 0
4597 1380 1242
4598 0 0
4599 0 0
4600 0 0
4601 0 0
4602 0 0
4603 0 0
4604 0 0
4605 0 0
4606 0 0
4607 0 0
4608 0 0
4609 0 0
4610 0 0
4611 0 0
4612 0 0
4613 0 0
4614 0 0
4615 0 0
4616 0 0
4617 0 0
4618 0 0
4619 60 54
4620 0 0
4621 600 540
4622 780 702
4623 360 324
4624 360 324
4625 120 108
4626 0 0
4627 120 108
4628 60 54
4629 0 0
4630 240 216
4631 0 0
4632 0 0
4633 0 0
4634 60 54
4635 0 0
4636 0 0
4637 60 54
4638 0 0
4639 0 0
4640 0 0
4641 0 0
4642 0 0
4643 0 0
4644 0 0
4645 0 0
4646 0 0
4647 0 0
4648 0 0
4649 0 0
4650 0 0
4651 0 0
4652 0 0
4653 0 0
4654 0 0
4655 60 54
4656 0 0
4657 60 54
4658 0 0
4659 610 1721
4660 624 1616
4661 0 0
4662 1258 1822
4663 0 0
4664 4361 4145
4665 881 108
4666 21218 4937
4667 23382 2750
4668 14884 3667
4669 15621 4862
4670 1966 432
4671 28947 4396
4672 14502 2752
4673 60 54
4674 0 0
4675 1134 2188
4676 169281 8529
4677 89901 9986
4678 0 0
4679 0 0
4680 27161 2726
4681 0 0
4682 0 0
4683 60 54
4684 0 0
4685 0 0
4686 0 0
4687 120 108
4688 0 0
4689 0 0
4690 0 0
4691 0 0
4692 0 0
4693 0 0
4694 0 0
4695 0 0
4696 0 0
4697 0 0
4698 0 0
4699 60 54
4700 0 0
4701 0 54
4702 0 0
4703 0 0
4704 0 0
4705 60 54
4706 0 0
4707 180 162
4708 0 0
4709 0 0
4710 0 0
4711 360 324
4712 840 756
4713 420 378
4714 300 270
4715 240 216
4716 120 108
4717 60 54
4718 120 108
4719 0 0
4720 360 324
4721 0 0
4722 360 324
4723 0 0
4724 0 0
4725 120 108
4726 0 0
4727 0 0
4728 0 0
4729 0 0
4730 0 0
4731 120 108
4732 0 0
4733 0 0
4734 0 0
4735 60 54
4736 0 0
4737 180 162
4738 360 324
4739 0 0
4740 0 0
4741 0 0
4742 0 0
4743 0 0
4744 0 0
4745 0 0
4746 0 0
4747 360 324
4748 0 0
4749 0 0
4750 0 0
4751 0 0
4752 0 0
4753 0 0
4754 0 0
4755 0 0
4756 300 270
4757 960 864
4758 480 432
4759 420 378
4760 240 216
4761 120 108
4762 60 54
4763 180 216
4764 120 108
4765 240 216
4766 0 0
4767 660 594
4768 0 0
4769 0 0
4770 120 108
4771 0 0
4772 0 0
4773 0 0
4774 0 0
4775 0 0
4776 0 0
4777 0 0
4778 0 0
4779 0 0
4780 0 0
4781 0 0
4782 0 0
4783 0 0
4784 0 0
4785 0 0
4786 0 0
4787 0 0
4788 0 0
4789 0 0
4790 240 216
4791 0 0
4792 0 0
4793 0 0
4794 0 0
4795 0 0
4796 0 0
4797 240 216
4798 0 0
4799 0 0
4800 0 0
4801 180 162
4802 720 648
4803 240 216
4804 240 216
4805 120 108
4806 0 0
4807 60 54
4808 60 54
4809 0 0
4810 120 108
4811 0 0
4812 0 0
4813 0 0
4814 0 0
4815 120 108
4816 60 54
4817 60 54
4818 0 0
4819 272 108
4820 0 0
4821 0 0
4822 0 0
4823 0 0
4824 0 0
4825 0 0
4826 0 0
4827 60 54
4828 0 0
4829 0 0
4830 0 0
4831 0 0
4832 0 0
4833 0 0
4834 0 0
4835 0 0
4836 0 0
4837 0 0
4838 0 0
4839 0 0
4840 0 0
4841 0 0
4842 0 0
4843 0 0
4844 0 0
4845 0 0
4846 120 108
4847 720 648
4848 240 216
4849 240 216
4850 0 0
4851 0 0
4852 0 0
4853 60 54
4854 0 0
4855 120 108
4856 0 0
4857 0 0
4858 0 0
4859 0 0
4860 120 108
4861 0 0
4862 0 0
4863 0 0
4864 0 0
4865 0 0
4866 0 0
4867 0 0
4868 0 0
4869 0 0
4870 0 0
4871 0 0
4872 0 0
4873 240 216
4874 60 54
4875 8312 1737
4876 95996 1439
4877 1140 1026
4878 0 0
4879 0 0
4880 0 0
4881 0 0
4882 0 0
4883 60 54
4884 0 0
4885 0 0
4886 0 0
4887 1860 1674
4888 0 0
4889 0 0
4890 0 0
4891 0 0
4892 0 0
4893 0 0
4894 0 0
4895 0 0
4896 0 0
4897 0 0
4898 0 0
4899 0 0
4900 120 108
4901 0 0
4902 0 0
4903 70123 7661
4904 63222 6138
4905 0 0
4906 120 108
4907 60 54
4908 0 0
4909 0 0
4910 3031 3795
4911 18692 4794
4912 21119 3045
4913 0 0
4914 35035 9000
4915 77569 9294
4916 60 54
4917 0 0
4918 0 0
4919 0 0
4920 120 108
4921 0 0
4922 0 0
4923 300 270
4924 0 0
4925 0 0
4926 0 0
4927 0 0
4928 0 0
4929 0 0
4930 0 0
4931 0 0
4932 0 0
4933 0 0
4934 240 216
4935 0 0
4936 0 0
4937 0 0
4938 0 0
4939 0 0
4940 0 0
4941 0 0
4942 0 0
4943 240 216
4944 0 0
4945 0 0
4946 0 0
4947 0 0
4948 159988 7545
4949 60 54
4950 0 0
4951 60 54
4952 0 0
4953 0 0
4954 0 0
4955 0 0
4956 60 54
4957 60 54
4958 0 0
4959 240 438
4960 312 840
4961 60 54
4962 0 0
4963 120 54
4964 0 0
4965 0 0
4966 0 0
4967 0 0
4968 0 0
4969 0 0
4970 0 0
4971 0 0
4972 0 0
4973 360 324
4974 0 0
4975 94125 6212
4976 116374 7359
4977 0 0
4978 0 0
4979 0 0
4980 60 54
4981 0 0
4982 0 0
4983 60 54
4984 0 0
4985 0 0
4986 0 0
4987 0 0
4988 0 0
4989 0 0
4990 0 0
4991 0 0
4992 0 0
4993 60 54
4994 60 54
4995 300 270
4996 120 108
4997 0 0
4998 0 0
4999 0 0
5000 0 0
5001 60 54
5002 60 54
5003 360 324
5004 0 0
5005 0 0
5006 60 54
5007 0 0
5008 0 0
5009 0 0
5010 0 0
5011 492 1224
5012 0 0
5013 0 0
5014 0 0
5015 0 0
5016 744 1076
5017 8803 4455
5018 94174 5789
5019 60362 11513
5020 59291 8132
5021 9335 1168
5022 1424 540
5023 780 702
5024 0 0
5025 0 0
5026 0 0
5027 0 0
5028 0 0
5029 0 0
5030 0 0
5031 0 0
5032 0 0
5033 1236 2439
5034 0 0
5035 0 0
5036 0 0
5037 0 0
5038 60 54
5039 753 1016
5040 116911 8400
5041 99434 4001
5042 118696 5685
5043 153748 13446
5044 40213 1577
5045 0 0
5046 60 54
5047 60 54
5048 0 0
5049 0 0
5050 0 0
5051 60 54
5052 0 0
5053 0 0
5054 0 0
5055 0 0
5056 332 162
5057 0 0
5058 0 0
5059 0 0
5060 0 0
5061 271 162
5062 0 0
5063 0 0
5064 60 54
5065 332 162
5066 120 108
5067 0 0
5068 0 0
5069 0 0
5070 0 0
5071 0 0
5072 0 0
5073 0 0
5074 0 0
5075 0 0
5076 0 0
5077 0 0
5078 0 0
5079 0 0
5080 0 0
5081 0 0
5082 0 0
5083 60 54
5084 120 108
5085 0 0
5086 0 0
5087 0 0
5088 360 324
5089 240 216
5090 0 0
5091 0 0
5092 0 54
5093 0 0
5094 0 0
5095 0 0
5096 60 54
5097 0 0
5098 0 0
5099 60 0
5100 0 0
5101 0 0
5102 0 296
5103 372 899
5104 0 0
5105 0 0
5106 0 0
5107 0 0
5108 806 1735
5109 188413 7413
5110 181100 33184
5111 207092 34454
5112 51638 18164
5113 3892 2018
5114 19433 756
5115 0 0
5116 60 54
5117 0 0
5118 0 0
5119 0 0
5120 0 0
5121 0 0
5122 180 162
5123 600 540
5124 0 0
5125 0 0
5126 0 0
5127 0 0
5128 60 54
5129 120 108
5130 0 0
5131 60 54
5132 0 0
5133 360 324
5134 240 216
5135 0 0
5136 0 0
5137 0 0
5138 0 0
5139 0 0
5140 0 0
5141 0 0
5142 0 0
5143 552 1357
5144 60 54
5145 0 0
5146 0 0
5147 0 0
5148 0 0
5149 0 0
5150 60 945
5151 7394 1949
5152 4965 2275
5153 24994 4035
5154 14233 6312
5155 33891 6217
5156 121694 4698
5157 332529 28997
5158 38582 13037
5159 60 54
5160 0 0
5161 0 0
5162 0 0
5163 0 0
5164 0 0
5165 0 0
5166 240 216
5167 0 0
5168 0 0
5169 0 0
5170 0 0
5171 840 594
5172 720 918
5173 3660 3456
5174 1331 2407
5175 861 737
5176 180 162
5177 0 0
5178 49580 11337
5179 329940 38161
5180 503090 55160
5181 56650 19924
5182 73309 41651
5183 128731 37460
5184 9919 11814
5185 60 54
5186 815 270
5187 58504 9112
5188 1426 486
5189 60 54
5190 0 162
5191 0 0
5192 1638 918
5193 4440 4320
5194 60 54
5195 0 0
5196 480 728
5197 312 108
5198 120 108
5199 60 54
5200 60 54
5201 6270 5770
5202 15439 2504
5203 840 810
5204 120 108
5205 0 0
5206 0 0
5207 0 0
5208 0 0
5209 0 0
5210 0 0
5211 0 0
5212 0 0
5213 720 648
5214 0 0
5215 0 0
5216 0 0
5217 14106 1537
5218 1126 908
5219 60 54
5220 60 54
5221 540 1695
5222 0 0
5223 300 270
5224 3005 3382
5225 208036 21983
5226 19068 2817
5227 839 432
5228 540 486
5229 120 108
5230 60 54
5231 0 0
5232 120 162
5233 1320 1188
5234 0 0
5235 0 0
5236 0 0
5237 0 0
5238 0 0
5239 0 0
5240 0 0
5241 0 0
5242 0 0
5243 60 54
5244 360 324
5245 120 108
5246 180 162
5247 60 54
5248 420 378
5249 60 54
5250 0 0
5251 0 0
5252 0 0
5253 540 486
5254 0 0
5255 0 0
5256 0 0
5257 0 0
5258 0 0
5259 0 0
5260 0 0
5261 0 0
5262 0 0
5263 60 54
5264 0 0
5265 60 54
5266 60 54
5267 60 54
5268 381 324
5269 1500 1350
5270 360 324
5271 300 270
5272 360 324
5273 420 378
5274 120 108
5275 0 0
5276 0 0
5277 60 54
5278 0 0
5279 0 0
5280 0 0
5281 0 54
5282 272 108
5283 1240 540
5284 332 162
5285 0 0
5286 0 0
5287 60 54
5288 120 108
5289 120 108
5290 120 270
5291 0 0
5292 60 54
5293 720 648
5294 60 54
5295 0 0
5296 0 0
5297 0 0
5298 0 0
5299 0 0
5300 0 0
5301 0 0
5302 0 0
5303 240 216
5304 0 0
5305 0 0
5306 0 0
5307 0 0
5308 60 54
5309 0 0
5310 180 162
5311 13912 3342
5312 1684 830
5313 120 108
5314 840 756
5315 300 270
5316 300 270
5317 300 270
5318 180 162
5319 240 216
5320 0 0
5321 0 0
5322 60 54
5323 120 108
5324 0 0
5325 0 0
5326 0 0
5327 0 0
5328 0 0
5329 0 0
5330 0 0
5331 120 108
5332 0 54
5333 240 216
5334 0 0
5335 0 0
5336 0 0
5337 60 54
5338 360 324
5339 60 54
5340 0 0
5341 0 0
5342 0 0
5343 0 0
5344 0 0
5345 0 0
5346 0 0
5347 0 0
5348 0 0
5349 0 0
5350 0 0
5351 0 0
5352 0 0
5353 180 162
5354 0 0
5355 60 54
5356 0 0
5357 0 0
5358 0 0
5359 840 756
5360 300 270
5361 300 270
5362 540 486
5363 240 216
5364 240 216
5365 0 0
5366 0 0
5367 0 0
5368 0 0
5369 0 0
5370 0 0
5371 0 0
5372 0 0
5373 0 0
5374 60 54
5375 300 270
5376 0 0
5377 60 54
5378 300 270
5379 60 54
5380 60 54
5381 0 0
5382 60 54
5383 840 756
5384 120 108
5385 0 0
5386 0 0
5387 0 0
5388 0 0
5389 0 0
5390 0 0
5391 0 0
5392 0 0
5393 0 0
5394 0 0
5395 0 0
5396 0 0
5397 211 108
5398 60 54
5399 0 0
5400 60 54
5401 0 0
5402 0 0
5403 0 0
5404 480 432
5405 360 324
5406 120 108
5407 360 324
5408 240 216
5409 180 162
5410 0 0
5411 0 0
5412 0 0
5413 0 0
5414 0 0
5415 60 54
5416 60 54
5417 0 0
5418 0 0
5419 240 162
5420 0 0
5421 484 216
5422 180 162
5423 420 378
5424 60 54
5425 0 0
5426 60 54
5427 60 54
5428 0 0
5429 120 108
5430 0 54
5431 0 0
5432 0 0
5433 60 54
5434 0 0
5435 0 0
5436 958 1179
5437 120 108
5438 60 54
5439 60 54
5440 0 0
5441 1080 1638
5442 60 54
5443 360 324
5444 0 0
5445 0 0
5446 0 0
5447 0 0
5448 0 0
5449 420 378
5450 300 270
5451 60 54
5452 60 54
5453 2040 1836
5454 120 108
5455 0 0
5456 120 108
5457 0 0
5458 120 108
5459 0 0
5460 1506 918
5461 0 0
5462 0 0
5463 120 108
5464 0 0
5465 23929 8604
5466 1694 841
5467 0 0
5468 0 0
5469 894 1051
5470 660 1038
5471 0 0
5472 0 0
5473 300 270
5474 0 0
5475 0 0
5476 0 0
5477 0 0
5478 0 0
5479 0 0
5480 0 0
5481 0 0
5482 60 54
5483 2340 2106
5484 0 0
5485 180 162
5486 60 54
5487 0 0
5488 0 0
5489 60 54
5490 0 0
5491 0 0
5492 0 0
5493 600 540
5494 0 0
5495 0 0
5496 0 0
5497 0 0
5498 0 0
5499 0 0
5500 0 0
5501 0 0
5502 0 0
5503 0 0
5504 0 0
5505 0 0
5506 0 0
5507 0 0
5508 0 0
5509 0 0
5510 0 0
5511 0 0
5512 0 0
5513 0 0
5514 0 0
5515 0 0
5516 0 0
5517 0 0
5518 0 0
5519 0 0
5520 0 0
5521 0 0
5522 0 0
5523 0 0
5524 0 0
5525 0 0
5526 0 0
5527 0 0
5528 0 0
5529 0 0
5530 0 0
5531 0 0
5532 0 0
5533 0 0
5534 0 0
5535 0 0
5536 0 0
5537 0 0
5538 0 0
5539 0 0
5540 0 0
5541 0 0
5542 0 0
5543 0 0
5544 0 0
5545 0 0
5546 0 0
5547 0 0
5548 0 0
5549 0 0
5550 0 0
5551 0 0
5552 0 0
5553 0 0
5554 0 0
5555 0 0
5556 0 0
5557 0 0
5558 0 0
5559 0 0
5560 0 0
5561 0 0
5562 0 0
5563 0 0
5564 0 0
5565 0 0
5566 0 0
5567 0 0
5568 0 0
5569 0 0
5570 0 0
5571 0 0
5572 0 0
5573 0 0
5574 0 0
5575 0 0
5576 0 0
5577 0 0
5578 0 0
5579 0 0
5580 0 0
5581 0 0
5582 0 0
5583 0 0
5584 0 0
5585 0 0
5586 0 0
5587 0 0
5588 0 0
5589 0 0
5590 0 0
5591 300 640
5592 312 815
5593 0 0
5594 0 0
5595 1539 2581
5596 46645 6346
5597 402095 22438
5598 87167 10503
5599 129227 2752
5600 0 0
5601 480 432
5602 0 0
5603 0 0
5604 0 0
5605 0 0
5606 0 0
5607 0 54
5608 0 0
5609 0 0
5610 0 0
5611 240 216
5612 0 0
5613 0 0
5614 0 0
5615 0 0
5616 0 0
5617 0 0
5618 0 0
5619 0 0
5620 0 0
5621 0 0
5622 0 0
5623 0 0
5624 0 0
5625 0 0
5626 0 0
5627 0 0
5628 290 845
5629 0 0
5630 0 0
5631 0 0
5632 0 0
5633 0 0
5634 0 0
5635 0 0
5636 0 0
5637 0 0
5638 0 0
5639 0 0
5640 120 108
5641 0 0
5642 660 594
5643 480 432
5644 180 162
5645 0 0
5646 0 0
5647 0 0
5648 0 0
5649 0 0
5650 0 0
5651 0 0
5652 0 0
5653 0 0
5654 0 0
5655 60 54
5656 0 0
5657 60 54
5658 13868 4680
5659 0 0
5660 0 0
5661 60 54
5662 0 0
5663 0 0
5664 0 0
5665 0 0
5666 0 0
5667 0 0
5668 0 0
5669 0 0
5670 0 0
5671 0 0
5672 0 0
5673 0 0
5674 0 0
5675 0 0
5676 0 0
5677 0 0
5678 0 0
5679 0 0
5680 0 0
5681 0 0
5682 0 0
5683 0 0
5684 0 0
5685 60 54
5686 0 0
5687 600 540
5688 530 1061
5689 240 216
5690 0 0
5691 0 0
5692 0 0
5693 0 0
5694 0 0
5695 0 0
5696 0 0
5697 0 0
5698 0 0
5699 0 0
5700 0 0
5701 0 0
5702 0 0
5703 0 0
5704 0 0
5705 0 0
5706 0 0
5707 0 0
5708 0 0
5709 0 0
5710 0 0
5711 0 0
5712 0 0
5713 0 0
5714 0 0
5715 0 0
5716 0 0
5717 60 54
5718 290 845
5719 0 0
5720 0 0
5721 60 54
5722 0 0
5723 749 1848
5724 312 815
5725 0 0
5726 0 0
5727 687 1015
5728 66834 2160
5729 91038 2255
5730 60 54
5731 0 0
5732 540 486
5733 240 216
5734 240 216
5735 0 0
5736 0 0
5737 312 844
5738 0 0
5739 0 0
5740 0 0
5741 360 324
5742 17748 6492
5743 1846 1971
5744 951 1862
5745 3720 4193
5746 60 994
5747 40953 3091
5748 0 0
5749 60 54
5750 0 0
5751 0 0
5752 854 999
5753 0 0
5754 1322 3063
5755 21473 1828
5756 0 0
5757 0 0
5758 0 0
5759 0 0
5760 2102 2809
5761 1261 2053
5762 26184 1997
5763 3621 4975
5764 3235 4020
5765 1754 2089
5766 22085 3947
5767 3787 3945
5768 60 54
5769 15118 1729
5770 269 54
5771 0 0
5772 0 0
5773 60 54
5774 60 54
5775 60 54
5776 0 0
5777 540 486
5778 120 108
5779 480 432
5780 0 0
5781 0 0
5782 0 0
5783 60 54
5784 0 0
5785 0 0
5786 0 0
5787 2160 1755
5788 0 0
5789 0 0
5790 0 0
5791 2398 1023
5792 21919 2835
5793 0 0
5794 240 216
5795 21158 2875
5796 0 0
5797 0 0
5798 0 0
5799 0 0
5800 0 0
5801 16057 2731
5802 0 0
5803 0 0
5804 0 0
5805 0 0
5806 0 0
5807 0 0
5808 0 0
5809 120 108
5810 0 0
5811 0 0
5812 0 0
5813 0 0
5814 15914 2671
5815 0 0
5816 0 0
5817 0 0
5818 60 54
5819 60 54
5820 0 0
5821 0 0
5822 540 486
5823 120 108
5824 540 486
5825 16189 2783
5826 0 0
5827 0 0
5828 0 0
5829 0 0
5830 0 0
5831 2377 1002
5832 14169 1723
5833 0 0
5834 0 0
5835 60 54
5836 0 0
5837 540 486
5838 1056 540
5839 420 378
5840 0 0
5841 0 0
5842 0 0
5843 0 0
5844 0 0
5845 2376 1002
5846 329 1021
5847 60 54
5848 0 0
5849 0 0
5850 0 0
5851 0 0
5852 0 0
5853 0 0
5854 312 809
5855 0 0
5856 0 0
5857 0 0
5858 0 0
5859 120 108
5860 0 0
5861 0 0
5862 0 0
5863 0 0
5864 0 0
5865 18993 1944
5866 0 0
5867 21023 1860
5868 269 54
5869 0 0
5870 0 0
5871 0 0
5872 0 0
5873 0 0
5874 0 0
5875 0 0
5876 0 0
5877 0 0
5878 0 0
5879 2413 1029
5880 19251 1995
5881 0 0
5882 0 0
5883 0 0
5884 240 216
5885 0 0
5886 0 0
5887 0 0
5888 21685 2160
5889 0 0
5890 0 0
5891 0 0
5892 0 0
5893 0 0
5894 0 0
5895 0 0
5896 0 0
5897 0 0
5898 60 0
5899 0 0
5900 0 0
5901 0 0
5902 0 0
5903 0 0
5904 21638 2049
5905 0 0
5906 0 0
5907 0 0
5908 0 0
5909 0 0
5910 0 0
5911 0 0
5912 0 0
5913 0 0
5914 0 0
5915 0 0
5916 0 0
5917 0 0
5918 0 0
5919 0 0
5920 0 0
5921 0 0
5922 0 0
5923 809 871
5924 2504 2619
5925 854 877
5926 0 0
5927 3974 4403
5928 711 885
5929 1524 1773
5930 688 54
5931 2147 2676
5932 2438 1118
5933 16571 1887
5934 0 0
5935 0 0
5936 0 0
5937 13967 2528
5938 0 0
5939 0 0
5940 0 0
5941 0 0
5942 0 0
5943 0 0
5944 0 0
5945 0 0
5946 0 0
5947 0 0
5948 0 0
5949 0 0
5950 0 0
5951 0 0
5952 0 0
5953 0 0
5954 0 0
5955 16535 7559
5956 27606 2120
5957 151 145
5958 300 640
5959 312 799
5960 0 0
5961 0 0
5962 0 0
5963 0 0
5964 3483 2432
5965 1797 108
5966 0 0
5967 0 0
5968 0 0
5969 0 0
5970 0 0
5971 60 54
5972 0 0
5973 0 0
5974 0 0
5975 780 702
5976 0 0
5977 0 0
5978 0 0
5979 0 0
5980 0 0
5981 0 0
5982 0 0
5983 0 0
5984 0 0
5985 0 0
5986 312 799
5987 0 0
5988 0 0
5989 0 0
5990 0 0
5991 0 0
5992 0 0
5993 0 0
5994 2376 1008
5995 329 1015
5996 0 0
5997 0 0
5998 0 0
5999 0 0
