0 795 927
1 0 0
2 98 150
3 0 0
4 0 0
5 0 0
6 98 150
7 98 150
8 196 300
9 184 276
10 0 0
11 504889 25196
12 2484640 92210
13 1688404 42651
14 320064 30802
15 0 0
16 489 1942
17 424 661
18 0 0
19 1568 963
20 1638 846
21 1924592 74861
22 52 52
23 0 0
24 492187 10051
25 104 52
26 1309500 38154
27 228786 4787
28 0 0
29 0 0
30 719 2018
31 0 0
32 52 52
33 0 0
34 1508305 37986
35 0 0
36 0 0
37 424 665
38 0 0
39 2378460 68520
40 0 0
41 3238 676
42 1050 2405
43 0 0
44 0 0
45 0 0
46 0 0
47 1495683 31048
48 196 300
49 165 733
50 3041 1076
51 305 830
52 415500 8808
53 1169100 26205
54 0 0
55 506367 10365
56 0 0
57 0 0
58 1679150 39764
59 413 1635
60 1014 981
61 541 1423
62 0 0
63 0 0
64 0 0
65 0 0
66 1952125 55292
67 0 0
68 0 0
69 499943 11129
70 6450 702
71 300 300
72 0 0
73 0 0
74 0 0
75 0 0
76 297441 6780
77 1261448 40996
78 523988 12848
79 165 733
80 3041 1076
81 476 882
82 0 0
83 0 0
84 485975 9949
85 104 52
86 0 0
87 0 0
88 2157609 47804
89 0 0
90 717 959
91 361 1083
92 0 0
93 0 0
94 0 0
95 0 0
96 0 0
97 0 0
98 1970255 48857
99 0 0
100 499670 16998
101 528 1239
102 135 104
103 0 0
104 0 0
105 0 0
106 0 0
107 0 0
108 0 0
109 60 681
110 2159 1800
111 2167316 58167
112 1208 52
113 0 0
114 71896 2722
115 424338 10220
116 0 0
117 104 52
118 0 0
119 0 0
120 0 0
121 0 0
122 905256 24821
123 1093548 29312
124 0 0
125 0 0
126 0 0
127 0 0
128 0 0
129 294 450
130 557 1383
131 514398 10418
132 361 1225
133 0 0
134 0 0
135 0 0
136 0 0
137 0 0
138 0 0
139 112 681
140 3094 1128
141 305 669
142 0 0
143 0 0
144 0 0
145 104 52
146 2010503 57849
147 0 0
148 0 0
149 0 0
150 0 0
151 305 835
152 0 0
153 0 0
154 0 0
155 0 0
156 52 52
157 0 0
158 502070 10210
159 0 0
160 0 0
161 0 0
162 0 0
163 0 0
164 0 0
165 0 0
166 0 0
167 0 0
168 1740898 57793
169 1568 963
170 1638 846
171 0 0
172 0 0
173 0 0
174 0 0
175 104 52
176 0 0
177 0 0
178 52 52
179 0 0
180 621 965
181 660 1461
182 104 570
183 104 570
184 1684907 49494
185 0 0
186 0 0
187 0 0
188 361 1225
189 0 0
190 361 1083
191 0 0
192 0 0
193 0 0
194 52 52
195 496181 13978
196 0 0
197 0 0
198 0 0
199 165 733
200 3041 1076
201 0 0
202 0 0
203 0 0
204 0 0
205 1995242 46289
206 0 0
207 0 0
208 0 0
209 0 0
210 908 1062
211 476 886
212 0 0
213 0 0
214 0 0
215 52 52
216 505977 16270
217 0 0
218 0 0
219 0 0
220 0 0
221 253 616
222 0 0
223 0 0
224 0 0
225 0 0
226 52 52
227 0 0
228 0 0
229 165 733
230 3041 1076
231 928448 24389
232 1168596 32065
233 0 0
234 0 0
235 104 52
236 0 0
237 0 0
238 0 0
239 0 0
240 883 958
241 305 835
242 52 52
243 0 0
244 0 0
245 0 0
246 0 0
247 0 0
248 0 0
249 0 0
250 0 0
251 0 0
252 52 52
253 0 0
254 1836183 48701
255 0 0
256 0 0
257 0 0
258 0 0
259 500419 10943
260 3041 1076
261 253 619
262 0 0
263 0 0
264 0 0
265 413 1135
266 52 0
267 0 0
268 0 0
269 52 52
270 0 0
271 476 887
272 0 0
273 0 0
274 1882326 52727
275 0 0
276 361 1225
277 0 0
278 0 0
279 104 52
280 0 0
281 0 0
282 0 0
283 0 0
284 52 52
285 25500 1942
286 479677 12968
287 0 0
288 0 0
289 60 681
290 3146 1128
291 1993500 50969
292 36738 1040
293 0 0
294 0 0
295 104 52
296 0 0
297 0 0
298 0 0
299 0 0
300 0 0
301 750 1462
302 30000 2153
303 1868969 47444
304 0 0
305 0 0
306 0 0
307 0 0
308 0 0
309 0 0
310 0 0
311 0 0
312 0 0
313 2054193 67073
314 0 0
315 0 0
316 0 0
317 0 0
318 493550 14681
319 1568 963
320 1638 846
321 0 0
322 0 0
323 2026192 62217
324 0 0
325 104 52
326 0 0
327 0 0
328 0 0
329 0 0
330 0 0
331 476 887
332 0 0
333 52 52
334 904500 17337
335 1221505 33388
336 42000 2148
337 0 0
338 0 0
339 0 0
340 0 0
341 733 1898
342 52 0
343 0 0
344 506849 14182
345 0 0
346 0 0
347 0 0
348 123305 6004
349 165 733
350 3402 2159
351 0 0
352 0 0
353 0 0
354 52 52
355 1951330 48117
356 0 0
357 0 0
358 0 0
359 0 0
360 804 1225
361 305 837
362 0 0
363 0 0
364 0 0
365 52 52
366 520046 15574
367 0 0
368 0 0
369 0 0
370 0 0
371 0 0
372 0 0
373 0 0
374 0 0
375 0 0
376 769500 22493
377 1299309 27897
378 92500 2028
379 112 681
380 3094 1128
381 424 673
382 0 0
383 0 0
384 0 0
385 104 52
386 0 0
387 0 0
388 52 52
389 0 0
390 998 960
391 305 837
392 0 0
393 0 0
394 0 0
395 0 0
396 0 0
397 0 0
398 1864415 43281
399 0 0
400 0 0
401 0 0
402 0 0
403 0 0
404 0 0
405 0 0
406 0 0
407 361 1083
408 52 52
409 511420 11151
410 1638 1024
411 0 0
412 0 0
413 361 1225
414 0 0
415 104 52
416 0 0
417 0 0
418 0 0
419 1644833 41545
420 39968 2547
421 660 1462
422 0 0
423 0 0
424 0 0
425 0 0
426 0 0
427 0 0
428 0 0
429 0 0
430 521053 14222
431 0 0
432 0 0
433 0 0
434 0 0
435 0 0
436 0 0
437 0 0
438 0 0
439 165 733
440 3093 1128
441 1812949 50253
442 0 0
443 0 0
444 0 0
445 465 1135
446 0 0
447 0 0
448 0 0
449 0 0
450 0 0
451 528 1044
452 0 0
453 0 0
454 0 0
455 0 0
456 1304641 28737
457 0 0
458 0 0
459 0 0
460 0 0
461 424 673
462 0 0
463 0 0
464 0 0
465 0 0
466 0 52
467 52 0
468 255401 5946
469 1568 963
470 1638 846
471 0 0
472 0 0
473 0 0
474 0 0
475 104 52
476 0 0
477 0 0
478 52 52
479 0 0
480 0 0
481 476 888
482 0 0
483 0 0
484 0 0
485 0 0
486 0 0
487 0 0
488 52 52
489 0 0
490 0 0
491 0 0
492 0 0
493 0 0
494 361 1225
495 0 0
496 0 0
497 0 0
498 132 135
499 3989 2773
500 3145 2016
501 9134 1444
502 0 0
503 0 0
504 0 0
505 104 52
506 0 0
507 0 0
508 0 0
509 0 0
510 0 0
511 669 1900
512 2503 10875
513 0 0
514 0 0
515 0 0
516 0 0
517 0 0
518 0 0
519 0 0
520 0 0
521 0 0
522 0 0
523 0 0
524 5771 3046
525 5389 352
526 0 0
527 0 0
528 0 0
529 1152 2187
530 3198 1128
531 0 0
532 0 0
533 0 0
534 0 0
535 104 52
536 0 0
537 0 0
538 0 0
539 0 0
540 962 962
541 856 1541
542 0 0
543 0 0
544 0 0
545 0 0
546 0 0
547 0 0
548 0 0
549 0 0
550 0 0
551 0 0
552 0 0
553 0 0
554 0 0
555 0 0
556 0 0
557 0 0
558 0 0
559 210 831
560 3146 1140
561 0 0
562 0 0
563 0 0
564 0 0
565 104 52
566 0 0
567 0 0
568 0 0
569 0 0
570 917 960
571 480 869
572 0 0
573 0 0
574 3010 1614
575 0 0
576 0 0
577 0 0
578 0 0
579 104 52
580 0 0
581 257 619
582 0 0
583 557 1525
584 413 1083
585 0 0
586 0 0
587 0 0
588 0 0
589 422 1288
590 3041 1076
591 0 0
592 0 0
593 0 0
594 0 0
595 104 52
596 0 0
597 0 0
598 0 0
599 0 0
600 871 962
601 480 869
602 0 0
603 0 0
604 0 0
605 0 0
606 480 1391
607 278 52
608 0 0
609 0 0
610 0 0
611 0 0
612 0 0
613 0 0
614 0 295
615 2252750 82253
616 2088448 52335
617 26599 27944
618 575571 24993
619 1606544 56502
620 2119 2834
621 429 711
622 0 0
623 11930 2186
624 1605504 47266
625 585 970
626 0 0
627 0 0
628 0 0
629 464827 9664
630 1687695 61725
631 46852 2954
632 0 0
633 0 0
634 0 0
635 2017737 66551
636 0 0
637 0 0
638 0 0
639 52 52
640 1954635 69032
641 1207 2003
642 0 0
643 463339 20613
644 0 0
645 0 0
646 1944000 67612
647 154494 4189
648 0 0
649 244 816
650 3094 1128
651 1950733 38244
652 0 0
653 0 0
654 0 0
655 585 986
656 1663619 57711
657 0 0
658 609057 18045
659 0 0
660 883 960
661 991500 26432
662 903533 28220
663 0 0
664 0 0
665 0 0
666 0 0
667 1875165 62828
668 0 0
669 0 0
670 0 0
671 0 0
672 361 1083
673 1173000 52000
674 464911 11938
675 133448 5620
676 150 150
677 1488275 49960
678 535523 21297
679 1568 785
680 1638 1024
681 0 0
682 0 0
683 2032442 58568
684 0 0
685 414 884
686 0 0
687 0 0
688 0 0
689 2049373 79488
690 1108 1110
691 0 0
692 0 0
693 2464398 68089
694 0 0
695 52 285
696 0 0
697 0 0
698 0 0
699 1898277 61656
700 0 0
701 0 0
702 0 0
703 361 1225
704 78000 3013
705 1980000 43704
706 25253 1811
707 0 0
708 534285 16954
709 1568 785
710 2048202 55765
711 0 0
712 0 0
713 0 0
714 408 817
715 2040508 73416
716 7448 256
717 23896 884
718 0 0
719 0 0
720 335220 7433
721 1748364 49556
722 0 0
723 0 0
724 0 0
725 0 0
726 0 0
727 2557101 99139
728 0 0
729 0 0
730 0 0
731 0 0
732 98 150
733 0 0
734 98 150
735 0 0
736 0 0
737 1958758 58677
738 0 0
739 112 681
740 3094 1128
741 0 0
742 0 0
743 361 1083
744 0 0
745 414 888
746 0 0
747 213000 5353
748 1619966 69642
749 0 0
750 0 0
751 0 0
752 0 0
753 555207 14070
754 258 666
755 0 0
756 2322 768
757 0 0
758 0 0
759 2003801 55061
760 0 0
761 0 0
762 0 0
763 0 0
764 0 0
765 0 0
766 0 0
767 361 1225
768 0 0
769 1873657 57628
770 1638 846
771 0 0
772 0 0
773 0 0
774 0 0
775 414 888
776 0 0
777 0 0
778 0 0
779 52 52
780 1913179 59561
781 0 0
782 0 0
783 0 0
784 0 0
785 588261 17983
786 104 233
787 52 285
788 0 0
789 0 0
790 0 1246
791 1567305 40184
792 0 0
793 0 0
794 258 668
795 0 0
796 0 0
797 0 0
798 0 0
799 165 733
800 3402 2301
801 104 337
802 1929192 73270
803 0 0
804 0 0
805 4117 2231
806 357 52
807 0 0
808 0 0
809 0 0
810 0 0
811 0 0
812 2431655 80817
813 0 0
814 150 150
815 0 0
816 0 0
817 0 0
818 0 0
819 0 0
820 0 0
821 0 0
822 2001223 68398
823 0 0
824 0 0
825 0 0
826 108708 3583
827 0 0
828 0 0
829 165 733
830 3402 2159
831 0 0
832 52 52
833 0 0
834 1749212 62522
835 585 938
836 0 0
837 0 0
838 0 0
839 0 0
840 888 965
841 0 0
842 0 0
843 0 0
844 2409891 85801
845 0 0
846 0 0
847 0 0
848 0 0
849 0 0
850 0 0
851 0 0
852 0 0
853 0 0
854 52 52
855 1992490 68646
856 0 0
857 0 0
858 0 0
859 1568 963
860 1638 846
861 0 0
862 0 0
863 0 0
864 0 0
865 2098332 49250
866 135 104
867 0 0
868 0 0
869 361 1083
870 703 1011
871 0 0
872 0 0
873 98 150
874 3439 2333
875 52 52
876 0 0
877 1391071 36734
878 955348 16536
879 104 52
880 0 0
881 0 0
882 104 187
883 0 0
884 0 0
885 0 0
886 0 0
887 2024846 36762
888 0 0
889 1929 2188
890 1638 846
891 0 0
892 0 0
893 0 0
894 0 0
895 585 940
896 0 0
897 1849001 51254
898 0 0
899 0 0
900 740 961
901 0 0
902 0 0
903 531200 10811
904 0 0
905 0 0
906 0 0
907 0 0
908 1408396 29466
909 493023 16936
910 0 0
911 361 1083
912 0 0
913 0 0
914 258 671
915 0 0
916 0 0
917 0 0
918 653237 18530
919 911108 31987
920 1638 846
921 0 0
922 0 0
923 0 0
924 0 0
925 585 940
926 0 0
927 156 285
928 0 0
929 52 52
930 1911667 66474
931 0 0
932 0 0
933 0 0
934 532391 15763
935 361 1225
936 0 0
937 0 0
938 0 0
939 0 0
940 0 0
941 0 0
942 0 0
943 0 0
944 52 52
945 1549755 45354
946 0 0
947 0 0
948 0 0
949 165 733
950 3041 1076
951 0 0
952 0 0
953 0 0
954 258 672
955 637 993
956 1914069 54354
957 0 0
958 0 0
959 0 0
960 0 0
961 0 0
962 0 0
963 0 0
964 0 0
965 0 0
966 52 52
967 2161290 61430
968 52 0
969 0 0
970 0 0
971 0 0
972 0 0
973 0 0
974 0 0
975 0 0
976 0 0
977 586136 11802
978 1244198 31156
979 0 60
980 3206 1749
981 0 0
982 0 0
983 0 0
984 0 0
985 414 889
986 0 0
987 0 0
988 52 52
989 1663024 52498
990 0 0
991 0 0
992 0 0
993 489530 10083
994 258 672
995 0 0
996 361 1083
997 0 0
998 0 0
999 2106106 59750
1000 0 0
1001 0 0
1002 0 0
1003 0 0
1004 0 0
1005 0 0
1006 0 0
1007 0 0
1008 0 0
1009 1620 1015
1010 1638 846
1011 0 0
1012 361 1225
1013 0 0
1014 0 0
1015 2036084 76243
1016 0 0
1017 0 0
1018 0 0
1019 0 0
1020 0 0
1021 0 0
1022 0 0
1023 0 0
1024 0 0
1025 2501582 74073
1026 0 0
1027 0 0
1028 0 0
1029 0 0
1030 0 0
1031 0 0
1032 0 0
1033 0 0
1034 429 723
1035 52 52
1036 1512000 46014
1037 556133 13928
1038 0 0
1039 165 733
1040 3041 1076
1041 0 0
1042 0 0
1043 0 0
1044 0 0
1045 414 889
1046 1753500 46030
1047 164189 2860
1048 0 0
1049 0 0
1050 0 0
1051 0 0
1052 0 0
1053 0 0
1054 0 0
1055 0 0
1056 0 0
1057 52 52
1058 2307761 68293
1059 0 0
1060 0 0
1061 361 1225
1062 0 0
1063 0 0
1064 0 0
1065 0 0
1066 0 0
1067 0 0
1068 1665000 71650
1069 59698 2381
1070 3094 1128
1071 0 0
1072 0 0
1073 0 0
1074 429 723
1075 414 888
1076 0 0
1077 0 0
1078 0 0
1079 1561787 65118
1080 1011 969
1081 0 0
1082 309 1083
1083 52 0
1084 564334 19820
1085 0 0
1086 0 0
1087 0 0
1088 0 0
1089 1319948 46575
1090 357115 10096
1091 0 0
1092 0 0
1093 0 0
1094 0 0
1095 0 0
1096 0 0
1097 0 0
1098 0 0
1099 165 733
1100 3093 1128
1101 1953823 65768
1102 3238 676
1103 876 1242
1104 0 0
1105 414 912
1106 0 0
1107 0 0
1108 0 0
1109 0 0
1110 689 960
1111 2076198 63632
1112 361 1225
1113 0 0
1114 258 668
1115 0 0
1116 0 0
1117 518570 17805
1118 0 0
1119 0 0
1120 0 0
1121 1956962 57820
1122 0 0
1123 0 0
1124 0 0
1125 0 0
1126 0 0
1127 0 0
1128 0 0
1129 1568 963
1130 1638 846
1131 52 52
1132 1087500 31880
1133 938786 46652
1134 0 0
1135 414 889
1136 0 0
1137 0 0
1138 0 0
1139 0 0
1140 1070 2043
1141 0 0
1142 0 0
1143 2476138 79297
1144 0 0
1145 0 0
1146 0 0
1147 0 0
1148 0 0
1149 0 0
1150 0 0
1151 0 0
1152 0 0
1153 52 52
1154 921429 31723
1155 1000597 35544
1156 0 0
1157 0 0
1158 0 0
1159 165 733
1160 3041 1076
1161 0 0
1162 0 0
1163 135 104
1164 1778375 74468
1165 585 941
1166 0 0
1167 0 0
1168 0 0
1169 0 0
1170 0 0
1171 0 0
1172 0 0
1173 0 0
1174 3062 1666
1175 2616677 95193
1176 79473 1768
1177 0 0
1178 0 0
1179 104 52
1180 0 0
1181 0 0
1182 0 0
1183 0 0
1184 0 0
1185 361 1225
1186 1962773 60424
1187 0 0
1188 0 0
1189 165 733
1190 3041 1076
1191 0 0
1192 0 0
1193 0 0
1194 429 723
1195 585 941
1196 1744276 65980
1197 0 0
1198 0 0
1199 0 0
1200 0 0
1201 0 0
1202 0 0
1203 0 0
1204 0 0
1205 0 0
1206 52 52
1207 1774520 56576
1208 0 0
1209 0 0
1210 0 0
1211 361 1083
1212 0 0
1213 593618 30057
1214 0 0
1215 0 0
1216 0 0
1217 1315500 49704
1218 628940 29936
1219 165 733
1220 3041 1076
1221 0 0
1222 0 0
1223 0 0
1224 0 0
1225 414 889
1226 0 0
1227 0 0
1228 52 52
1229 1888900 69412
1230 0 0
1231 0 0
1232 0 0
1233 0 0
1234 429 723
1235 0 0
1236 0 0
1237 0 0
1238 0 0
1239 1998210 59080
1240 0 0
1241 0 0
1242 0 0
1243 0 0
1244 0 0
1245 0 0
1246 0 0
1247 0 0
1248 0 0
1249 217 785
1250 614994 24961
1251 0 0
1252 0 0
1253 0 0
1254 0 0
1255 1727529 59529
1256 0 0
1257 0 0
1258 0 0
1259 0 0
1260 0 0
1261 0 0
1262 0 0
1263 0 0
1264 0 0
1265 52 52
1266 1878607 67980
1267 309 1083
1268 52 0
1269 0 0
1270 0 0
1271 361 1225
1272 0 0
1273 0 0
1274 429 721
1275 0 0
1276 610500 20364
1277 1271948 35412
1278 203578 7552
1279 165 733
1280 3041 1076
1281 0 0
1282 0 0
1283 0 0
1284 0 0
1285 414 889
1286 0 0
1287 0 0
1288 1901796 63124
1289 0 0
1290 0 0
1291 0 0
1292 602878 19385
1293 0 0
1294 0 0
1295 0 0
1296 0 0
1297 0 0
1298 1840893 64076
1299 0 0
1300 0 0
1301 0 0
1302 0 0
1303 0 0
1304 0 0
1305 0 0
1306 0 0
1307 0 0
1308 1727300 38320
1309 1568 963
1310 1638 846
1311 0 0
1312 0 0
1313 0 0
1314 429 724
1315 585 941
1316 0 0
1317 0 0
1318 52 52
1319 1851836 63960
1320 0 0
1321 0 0
1322 0 0
1323 0 0
1324 0 0
1325 0 0
1326 0 0
1327 0 0
1328 0 0
1329 226552 6516
1330 1413521 59244
1331 0 0
1332 0 0
1333 0 0
1334 0 0
1335 473979 18326
1336 468 397
1337 3542 1365
1338 52 0
1339 112 681
1340 3094 1128
1341 1465049 61528
1342 0 0
1343 0 0
1344 0 0
1345 585 941
1346 0 0
1347 0 0
1348 0 0
1349 0 0
1350 783 961
1351 2023862 68808
1352 0 0
1353 0 0
1354 429 721
1355 0 0
1356 0 0
1357 0 0
1358 0 0
1359 0 0
1360 0 0
1361 52 52
1362 517581 16665
1363 0 0
1364 0 0
1365 0 0
1366 0 0
1367 729000 20968
1368 1235896 31488
1369 107835 2657
1370 3094 1128
1371 0 0
1372 0 0
1373 0 0
1374 0 0
1375 414 890
1376 0 0
1377 0 0
1378 0 0
1379 52 52
1380 932 960
1381 0 0
1382 0 0
1383 2067648 59424
1384 0 0
1385 0 0
1386 0 0
1387 0 0
1388 0 0
1389 0 0
1390 0 0
1391 0 0
1392 0 0
1393 52 52
1394 429 721
1395 0 0
1396 0 0
1397 0 0
1398 0 0
1399 165 733
1400 3041 1076
1401 0 0
1402 0 0
1403 413 1277
1404 0 0
1405 414 889
1406 0 0
1407 0 0
1408 0 0
1409 0 0
1410 870 959
1411 0 0
1412 0 0
1413 184 187
1414 0 0
1415 0 0
1416 0 0
1417 0 0
1418 0 0
1419 0 0
1420 0 0
1421 0 0
1422 0 0
1423 0 0
1424 0 0
1425 0 0
1426 0 0
1427 361 1083
1428 0 0
1429 112 681
1430 3094 1128
1431 0 0
1432 0 0
1433 0 0
1434 258 670
1435 585 922
1436 0 0
1437 258 607
1438 0 0
1439 0 0
1440 0 0
1441 0 0
1442 0 0
1443 0 0
1444 0 0
1445 0 0
1446 0 0
1447 781 1193
1448 0 0
1449 258 688
1450 0 0
1451 0 0
1452 0 0
1453 0 0
1454 0 0
1455 0 0
1456 0 0
1457 0 0
1458 0 0
1459 2434 2195
1460 1638 846
1461 0 0
1462 0 0
1463 0 0
1464 0 0
1465 414 871
1466 361 1225
1467 0 0
1468 0 0
1469 0 0
1470 0 0
1471 0 0
1472 0 0
1473 0 0
1474 3439 2335
1475 0 0
1476 0 0
1477 0 0
1478 0 0
1479 413 1135
1480 52 0
1481 0 0
1482 0 0
1483 0 0
1484 0 0
1485 0 0
1486 0 0
1487 0 0
1488 0 0
1489 165 733
1490 3041 1076
1491 0 0
1492 0 0
1493 0 0
1494 0 0
1495 414 871
1496 0 0
1497 0 0
1498 0 0
1499 0 0
1500 0 0
1501 0 0
1502 0 0
1503 0 0
1504 0 0
1505 0 0
1506 0 0
1507 0 0
1508 0 0
1509 0 0
1510 0 0
1511 842 1332
1512 0 0
1513 0 0
1514 429 828
1515 1479 1907
1516 52 0
1517 0 0
1518 0 0
1519 112 681
1520 3854 2622
1521 1065 2796
1522 52 0
1523 0 0
1524 0 0
1525 52 156
1526 104 40
1527 0 0
1528 1670334 85091
1529 809283 25156
1530 1302321 53959
1531 874172 22258
1532 10639 7035
1533 7819 4339
1534 309 1225
1535 105021 3383
1536 304949 6832
1537 1905993 52950
1538 641 4215
1539 683 150
1540 0 0
1541 52 52
1542 0 0
1543 0 0
1544 0 0
1545 0 0
1546 458429 14901
1547 433 704
1548 0 0
1549 112 681
1550 3094 1128
1551 2107401 60431
1552 0 0
1553 0 0
1554 0 0
1555 104 52
1556 0 0
1557 433 705
1558 0 0
1559 1610011 53771
1560 912 963
1561 439290 14145
1562 0 0
1563 0 0
1564 72000 2884
1565 619500 19280
1566 575948 17708
1567 131948 5556
1568 308044 10445
1569 356252 9036
1570 0 0
1571 0 0
1572 0 0
1573 0 0
1574 0 0
1575 0 0
1576 0 0
1577 755495 17080
1578 650391 16482
1579 456008 15733
1580 478121 12980
1581 0 0
1582 0 0
1583 0 0
1584 0 0
1585 104 52
1586 0 0
1587 150 150
1588 0 0
1589 150 150
1590 1093 1184
1591 600 600
1592 444633 9986
1593 0 0
1594 309 1083
1595 485 704
1596 693804 13701
1597 623586 14756
1598 314 829
1599 0 0
1600 0 0
1601 0 0
1602 0 0
1603 0 0
1604 0 0
1605 0 0
1606 0 2228
1607 64 1114
1608 454722 11972
1609 112 681
1610 3094 1128
1611 0 0
1612 1309500 28793
1613 648525 15248
1614 0 0
1615 104 52
1616 94448 3956
1617 0 0
1618 0 0
1619 0 0
1620 183876 5887
1621 14948 564
1622 298396 10392
1623 649032 13092
1624 0 0
1625 0 0
1626 243311 8300
1627 594717 15500
1628 538 1039
1629 0 0
1630 209867 7656
1631 361 1225
1632 0 0
1633 0 0
1634 0 0
1635 433 813
1636 1283844 28018
1637 0 0
1638 361 1083
1639 1014495 27576
1640 3146 1180
1641 0 0
1642 0 0
1643 0 0
1644 0 0
1645 202 202
1646 0 0
1647 64 196
1648 98 52
1649 444 652
1650 937 1012
1651 0 0
1652 0 0
1653 1818000 61394
1654 220934 7216
1655 0 0
1656 0 0
1657 0 0
1658 485 886
1659 0 0
1660 184 187
1661 0 0
1662 0 0
1663 0 0
1664 455706 9435
1665 0 0
1666 230948 5535
1667 199877 7524
1668 73344 2932
1669 1568 963
1670 1638 846
1671 0 0
1672 0 0
1673 0 0
1674 0 0
1675 537 759
1676 0 0
1677 0 0
1678 52 52
1679 0 0
1680 661 1024
1681 0 0
1682 0 0
1683 0 0
1684 0 0
1685 0 0
1686 0 0
1687 0 0
1688 537 937
1689 267 649
1690 361 1083
1691 0 0
1692 0 0
1693 0 0
1694 281948 6526
1695 1210850 30768
1696 0 0
1697 0 0
1698 0 0
1699 1077 2210
1700 3197 1361
1701 0 0
1702 0 0
1703 208 1140
1704 0 0
1705 156 104
1706 0 0
1707 361 1225
1708 0 0
1709 0 0
1710 913 961
1711 387000 11630
1712 649448 15200
1713 649196 15148
1714 53844 2100
1715 433 710
1716 0 0
1717 0 0
1718 485 886
1719 0 0
1720 0 0
1721 0 0
1722 0 0
1723 1124201 33297
1724 547448 18320
1725 572948 14012
1726 11857 364
1727 0 0
1728 0 0
1729 1568 963
1730 1638 846
1731 1268 1763
1732 0 0
1733 1202948 34154
1734 278148 8132
1735 104 52
1736 0 0
1737 0 0
1738 0 0
1739 0 0
1740 1130 2042
1741 52 0
1742 0 0
1743 556448 16382
1744 511188 18220
1745 649500 15288
1746 359938 9572
1747 0 0
1748 583 950
1749 0 0
1750 0 0
1751 0 0
1752 0 0
1753 0 0
1754 508684 13627
1755 433 813
1756 0 0
1757 0 0
1758 361 1225
1759 364665 8715
1760 650937 16704
1761 619500 22408
1762 542639 13868
1763 0 0
1764 0 0
1765 104 52
1766 0 0
1767 0 0
1768 0 0
1769 777 965
1770 530857 24471
1771 0 0
1772 0 0
1773 0 0
1774 3010 1614
1775 0 0
1776 0 0
1777 0 0
1778 314 845
1779 104 52
1780 52 52
1781 267 626
1782 0 0
1783 0 0
1784 0 0
1785 0 0
1786 0 0
1787 0 0
1788 0 0
1789 112 681
1790 3198 1180
1791 882 1440
1792 0 0
1793 0 0
1794 0 0
1795 898 1841
1796 157552 4394
1797 616448 24120
1798 740950 22988
1799 0 0
1800 0 0
1801 0 0
1802 0 0
1803 0 0
1804 0 0
1805 0 0
1806 0 0
1807 600052 15034
1808 957672 31676
1809 0 0
1810 0 0
1811 0 0
1812 0 0
1813 529571 14899
1814 0 0
1815 0 0
1816 0 0
1817 3238 676
1818 1005667 35895
1819 435875 11069
1820 3094 1128
1821 0 0
1822 0 0
1823 0 0
1824 0 0
1825 104 52
1826 0 0
1827 0 0
1828 0 0
1829 741052 22386
1830 648792 16198
1831 454344 13320
1832 143554 5900
1833 0 0
1834 0 0
1835 433 710
1836 0 0
1837 0 0
1838 485 887
1839 1911449 65042
1840 0 0
1841 267 590
1842 0 0
1843 361 1225
1844 0 0
1845 471071 18031
1846 0 0
1847 0 0
1848 0 0
1849 1568 963
1850 100638 4200
1851 1214863 26407
1852 647014 15286
1853 125870 2184
1854 309 1083
1855 156 52
1856 0 0
1857 0 0
1858 0 0
1859 0 0
1860 0 0
1861 1200808 26286
1862 459000 11872
1863 422262 11284
1864 0 0
1865 0 0
1866 0 0
1867 0 0
1868 485 938
1869 0 0
1870 0 0
1871 0 0
1872 400396 13495
1873 69370 3276
1874 0 0
1875 1172 1920
1876 0 0
1877 0 0
1878 135 104
1879 0 60
1880 3206 1749
1881 0 0
1882 64 2444
1883 494792 13696
1884 328396 7696
1885 622629 17192
1886 0 0
1887 77948 3252
1888 0 0
1889 0 0
1890 823 962
1891 0 0
1892 0 0
1893 0 0
1894 0 0
1895 0 0
1896 0 0
1897 52 52
1898 969366 19461
1899 794947 30796
1900 0 0
1901 0 0
1902 0 0
1903 361 1083
1904 303229 8008
1905 0 0
1906 0 0
1907 0 0
1908 0 0
1909 60 681
1910 3094 1128
1911 0 0
1912 0 0
1913 0 0
1914 436745 12346
1915 366 710
1916 0 0
1917 0 0
1918 0 0
1919 0 0
1920 862 1011
1921 0 0
1922 0 0
1923 0 0
1924 52 52
1925 0 0
1926 0 0
1927 0 0
1928 314 924
1929 0 0
1930 0 0
1931 0 0
1932 0 0
1933 0 0
1934 52 52
1935 0 0
1936 0 0
1937 0 0
1938 0 0
1939 165 733
1940 3041 1076
1941 0 0
1942 0 0
1943 267 671
1944 184 187
1945 104 52
1946 0 0
1947 0 0
1948 0 0
1949 0 0
1950 994 1427
1951 0 0
1952 0 0
1953 0 0
1954 0 0
1955 262 658
1956 0 0
1957 0 0
1958 314 839
1959 0 0
1960 0 0
1961 0 0
1962 0 0
1963 0 0
1964 0 0
1965 0 0
1966 0 0
1967 0 0
1968 0 0
1969 165 733
1970 3041 1076
1971 0 0
1972 0 0
1973 0 0
1974 309 1083
1975 156 52
1976 0 0
1977 0 0
1978 0 0
1979 0 0
1980 0 0
1981 0 0
1982 0 0
1983 0 0
1984 0 0
1985 0 0
1986 0 0
1987 0 0
1988 485 868
1989 0 0
1990 0 0
1991 0 0
1992 0 0
1993 0 0
1994 756 1277
1995 433 1936
1996 52 0
1997 0 0
1998 0 0
1999 1568 963
2000 1638 846
2001 0 0
2002 0 0
2003 0 0
2004 0 0
2005 104 52
2006 0 0
2007 0 0
2008 0 0
2009 0 0
2010 0 0
2011 0 0
2012 0 0
2013 0 0
2014 0 0
2015 0 0
2016 0 0
2017 0 0
2018 595 1218
2019 64 98
2020 0 0
2021 0 0
2022 0 0
2023 0 0
2024 0 0
2025 0 0
2026 0 0
2027 0 0
2028 0 0
2029 112 681
2030 3094 1128
2031 0 0
2032 680 1068
2033 0 0
2034 0 0
2035 537 763
2036 0 0
2037 0 0
2038 0 0
2039 0 0
2040 0 0
2041 361 1083
2042 849 1463
2043 0 0
2044 0 0
2045 0 0
2046 678 1479
2047 0 0
2048 0 0
2049 0 0
2050 0 0
2051 0 0
2052 0 0
2053 0 0
2054 10039 4673
2055 1065575 42899
2056 706083 58315
2057 273522 11386
2058 416420 15572
2059 148601 12202
2060 438985 22794
2061 607519 13832
2062 532812 11896
2063 310901 9741
2064 1037887 38680
2065 1041 3041
2066 0 0
2067 0 0
2068 0 0
2069 573976 11644
2070 798995 19364
2071 0 0
2072 0 0
2073 522495 10760
2074 3318 2331
2075 1277696 24280
2076 857391 38928
2077 0 0
2078 0 0
2079 104 52
2080 0 0
2081 0 0
2082 0 0
2083 955120 27292
2084 999085 25186
2085 264 270
2086 0 0
2087 0 0
2088 648569 16149
2089 1568 963
2090 1638 846
2091 0 0
2092 427 719
2093 766912 15181
2094 584616 21447
2095 439567 17932
2096 129484 5556
2097 0 0
2098 0 0
2099 0 0
2100 0 0
2101 0 0
2102 0 0
2103 0 0
2104 0 1194
2105 1248112 32842
2106 427535 12732
2107 0 0
2108 642584 20888
2109 0 0
2110 0 0
2111 0 0
2112 0 0
2113 150 150
2114 0 0
2115 1369314 34682
2116 619143 11122
2117 0 0
2118 300 300
2119 360 981
2120 3146 1128
2121 0 0
2122 0 0
2123 0 0
2124 479 885
2125 878571 18053
2126 773960 22696
2127 477379 14036
2128 35328 2129
2129 603128 17628
2130 0 0
2131 0 0
2132 256 668
2133 0 0
2134 94912 3285
2135 932 1193
2136 791176 16422
2137 1048064 32772
2138 25325 884
2139 0 0
2140 361 1083
2141 0 0
2142 309 1225
2143 52 0
2144 0 0
2145 0 0
2146 322368 12075
2147 378252 7160
2148 1029198 20850
2149 635140 14983
2150 1638 846
2151 0 0
2152 0 0
2153 0 0
2154 846760 17422
2155 640372 15328
2156 395707 12088
2157 0 0
2158 0 0
2159 0 0
2160 782 960
2161 0 0
2162 0 0
2163 679804 13519
2164 941872 23504
2165 212266 4108
2166 0 0
2167 0 0
2168 637188 16294
2169 0 0
2170 0 0
2171 0 0
2172 525 868
2173 0 1195
2174 1236486 44393
2175 0 0
2176 196 300
2177 376924 18056
2178 225304 8871
2179 165 733
2180 3041 1076
2181 468197 10948
2182 1293628 28756
2183 215654 4108
2184 479 889
2185 104 52
2186 0 0
2187 0 0
2188 0 0
2189 0 0
2190 909 1015
2191 0 0
2192 0 0
2193 52 52
2194 646364 12946
2195 0 0
2196 648060 13051
2197 851917 37008
2198 0 0
2199 0 0
2200 0 0
2201 0 0
2202 0 0
2203 0 0
2204 0 0
2205 0 0
2206 0 0
2207 52 52
2208 0 0
2209 165 733
2210 1466209 45451
2211 386980 17100
2212 114847 3382
2213 0 0
2214 479 889
2215 104 52
2216 0 0
2217 0 0
2218 0 0
2219 0 0
2220 731 959
2221 0 0
2222 52 52
2223 0 0
2224 0 0
2225 361 1510
2226 52 0
2227 52 285
2228 0 0
2229 1214400 23087
2230 452984 19952
2231 0 0
2232 361 1083
2233 0 0
2234 0 0
2235 0 0
2236 0 0
2237 0 0
2238 0 0
2239 112 681
2240 3146 1180
2241 455810 9578
2242 185420 7988
2243 0 0
2244 479 888
2245 104 52
2246 0 0
2247 0 0
2248 0 0
2249 0 0
2250 1042176 26719
2251 578425 19028
2252 427 719
2253 0 0
2254 0 0
2255 1088 1215
2256 0 0
2257 0 0
2258 0 0
2259 0 0
2260 0 0
2261 52 52
2262 0 0
2263 0 0
2264 0 0
2265 0 0
2266 437080 9307
2267 880100 32088
2268 640496 29128
2269 150205 7121
2270 3041 1076
2271 0 0
2272 0 0
2273 0 0
2274 308 846
2275 104 52
2276 361 1225
2277 0 0
2278 0 0
2279 641620 16237
2280 0 0
2281 0 0
2282 1206936 28915
2283 556364 24556
2284 0 0
2285 0 0
2286 278326 10176
2287 0 0
2288 0 0
2289 0 0
2290 0 0
2291 0 0
2292 427 724
2293 0 0
2294 0 0
2295 508719 11131
2296 444696 15511
2297 212541 3848
2298 0 0
2299 112 681
2300 3094 1128
2301 0 0
2302 0 0
2303 0 0
2304 479 888
2305 156 104
2306 0 0
2307 0 0
2308 0 0
2309 0 0
2310 0 0
2311 0 0
2312 0 0
2313 0 0
2314 0 0
2315 52 52
2316 0 0
2317 361 1083
2318 0 0
2319 821865 21751
2320 1091973 43624
2321 0 0
2322 0 0
2323 0 0
2324 0 0
2325 0 0
2326 0 0
2327 0 0
2328 0 0
2329 112 681
2330 3146 1180
2331 0 0
2332 52 576
2333 204 98
2334 308 837
2335 104 52
2336 0 0
2337 0 0
2338 0 0
2339 0 0
2340 52 52
2341 508339 10607
2342 1289316 40080
2343 323784 6136
2344 0 0
2345 0 0
2346 0 0
2347 0 0
2348 0 0
2349 513057 16614
2350 7360 400
2351 108824 4828
2352 0 0
2353 0 0
2354 0 0
2355 0 0
2356 309 1225
2357 52 0
2358 0 0
2359 165 733
2360 3041 1076
2361 52 52
2362 0 1195
2363 1183448 32435
2364 333223 11197
2365 104 52
2366 0 0
2367 0 0
2368 0 0
2369 0 0
2370 0 0
2371 0 0
2372 256 675
2373 0 0
2374 3062 1666
2375 756422 14975
2376 361 1083
2377 0 0
2378 0 0
2379 104 52
2380 0 0
2381 0 0
2382 0 0
2383 0 0
2384 0 0
2385 52 52
2386 0 0
2387 0 0
2388 0 0
2389 1568 785
2390 1638 1024
2391 0 0
2392 0 0
2393 0 0
2394 256 837
2395 208 104
2396 0 0
2397 0 0
2398 0 0
2399 0 0
2400 0 0
2401 0 0
2402 0 0
2403 0 0
2404 0 0
2405 132 135
2406 0 0
2407 0 0
2408 0 0
2409 0 0
2410 0 0
2411 0 0
2412 256 676
2413 0 0
2414 0 0
2415 0 0
2416 0 0
2417 361 1225
2418 0 0
2419 1568 963
2420 1638 846
2421 0 0
2422 0 0
2423 0 0
2424 479 870
2425 104 52
2426 0 0
2427 0 0
2428 0 0
2429 0 0
2430 0 0
2431 0 0
2432 0 0
2433 0 0
2434 0 0
2435 0 0
2436 0 0
2437 0 0
2438 0 0
2439 0 0
2440 0 0
2441 0 0
2442 361 1083
2443 0 0
2444 0 0
2445 0 0
2446 0 0
2447 0 0
2448 361 1225
2449 60 681
2450 3146 1128
2451 0 0
2452 427 728
2453 0 0
2454 479 870
2455 104 52
2456 0 0
2457 0 0
2458 0 0
2459 0 0
2460 0 0
2461 0 0
2462 0 0
2463 0 0
2464 0 0
2465 0 0
2466 0 0
2467 0 0
2468 0 0
2469 0 0
2470 0 0
2471 0 0
2472 0 0
2473 0 0
2474 0 0
2475 0 0
2476 0 0
2477 0 0
2478 0 0
2479 60 681
2480 3146 1128
2481 0 0
2482 0 0
2483 0 0
2484 577 934
2485 104 52
2486 0 0
2487 0 0
2488 0 0
2489 0 0
2490 0 0
2491 0 0
2492 480 893
2493 0 0
2494 0 0
2495 0 0
2496 0 0
2497 0 0
2498 361 1083
2499 0 0
2500 0 0
2501 0 0
2502 0 0
2503 0 0
2504 5519 4226
2505 0 0
2506 0 0
2507 0 0
2508 0 0
2509 112 681
2510 3094 1128
2511 0 0
2512 0 0
2513 0 0
2514 583 1105
2515 104 52
2516 0 0
2517 0 0
2518 0 0
2519 0 0
2520 737 2380
2521 666 1497
2522 0 0
2523 0 0
2524 104 104
2525 0 0
2526 0 0
2527 0 0
2528 0 0
2529 18134 6374
2530 899320 50856
2531 1228032 42313
2532 529437 48091
2533 649861 16589
2534 595660 14342
2535 539841 30875
2536 7701 955
2537 290757 8424
2538 0 0
2539 66626 3880
2540 529752 15451
2541 569062 16716
2542 406191 13818
2543 528330 16349
2544 0 0
2545 104 52
2546 424 719
2547 0 0
2548 0 0
2549 295500 6731
2550 1227098 35008
2551 0 0
2552 0 0
2553 0 0
2554 0 0
2555 322500 7251
2556 82924 4231
2557 574292 15740
2558 584792 15502
2559 584861 18737
2560 181506 5894
2561 1939560 55424
2562 133587 5492
2563 0 0
2564 2991 2089
2565 488109 10061
2566 1258364 24956
2567 0 0
2568 0 815
2569 1248 2511
2570 3250 1180
2571 989115 30799
2572 574448 19084
2573 0 0
2574 0 0
2575 159052 6204
2576 622709 21578
2577 370324 11524
2578 0 0
2579 1499164 43313
2580 1102 2191
2581 52 0
2582 0 0
2583 0 0
2584 0 0
2585 1132396 36625
2586 639109 20528
2587 52 52
2588 0 0
2589 150 150
2590 808500 28202
2591 640450 19907
2592 254879 10799
2593 0 0
2594 597897 14490
2595 427500 13857
2596 230896 7588
2597 883538 24899
2598 135 80
2599 537 1564
2600 3146 2349
2601 1484350 37380
2602 187 156
2603 0 0
2604 0 0
2605 104 168
2606 97552 4085
2607 1904376 48283
2608 61300 1239
2609 0 0
2610 909 1156
2611 254 667
2612 804052 15625
2613 874127 20250
2614 0 0
2615 0 0
2616 984213 29822
2617 1123448 35240
2618 267766 7760
2619 0 0
2620 0 0
2621 0 0
2622 1078770 27378
2623 658978 15842
2624 21790 2363
2625 0 0
2626 0 0
2627 0 0
2628 1490964 44730
2629 367 1515
2630 3146 1128
2631 0 0
2632 0 0
2633 502500 15167
2634 27582 1140
2635 104 1274
2636 1992843 45560
2637 0 0
2638 0 0
2639 0 0
2640 2327 8140
2641 0 0
2642 0 0
2643 52 52
2644 0 0
2645 0 0
2646 413 1277
2647 98 150
2648 0 0
2649 0 0
2650 0 0
2651 427 721
2652 233 548
2653 294 156
2654 0 0
2655 1309500 30038
2656 382500 11040
2657 340977 9804
2658 0 0
2659 2047 1672
2660 552408 15954
2661 0 0
2662 0 0
2663 0 0
2664 0 0
2665 104 52
2666 0 0
2667 0 0
2668 0 0
2669 0 0
2670 792 1015
2671 1846448 60882
2672 107323 2408
2673 0 0
2674 3010 1562
2675 0 52
2676 0 0
2677 0 0
2678 0 0
2679 0 0
2680 104 52
2681 0 0
2682 216046 6008
2683 85234 3374
2684 847136 16652
2685 516000 12144
2686 101048 2132
2687 100 401
2688 4256 22978
2689 539 1568
2690 1990 1076
2691 1635 771
2692 1606556 34362
2693 254615 8488
2694 0 0
2695 0 0
2696 104 52
2697 0 0
2698 0 0
2699 0 0
2700 1070 1245
2701 0 0
2702 325500 7199
2703 0 0
2704 300078 10590
2705 645868 12508
2706 283500 5980
2707 316448 7008
2708 475407 9952
2709 0 0
2710 0 0
2711 0 0
2712 0 0
2713 0 0
2714 0 0
2715 0 0
2716 0 0
2717 0 0
2718 52 52
2719 766928 16696
2720 568586 14070
2721 618003 14044
2722 0 0
2723 0 0
2724 63000 2676
2725 104 52
2726 4010 1904
2727 0 0
2728 0 0
2729 0 0
2730 819 1011
2731 427 722
2732 0 0
2733 0 0
2734 52 52
2735 366052 8267
2736 1254000 38144
2737 213384 7680
2738 0 0
2739 0 0
2740 512607 20831
2741 0 0
2742 162 248
2743 0 0
2744 0 0
2745 0 0
2746 0 0
2747 361 1083
2748 52 52
2749 420 1515
2750 3146 1180
2751 138000 4030
2752 0 0
2753 0 0
2754 662896 15824
2755 1008072 26388
2756 0 0
2757 0 0
2758 0 0
2759 0 0
2760 0 0
2761 1477500 40170
2762 590824 13836
2763 0 0
2764 0 0
2765 0 0
2766 0 0
2767 0 0
2768 0 0
2769 0 0
2770 0 0
2771 427 722
2772 1268271 28281
2773 1287000 39892
2774 100479 2184
2775 0 0
2776 0 0
2777 0 0
2778 0 0
2779 591 1567
2780 3094 1128
2781 0 0
2782 309 1225
2783 52 0
2784 52 52
2785 104 52
2786 0 0
2787 0 0
2788 192000 4966
2789 644896 19860
2790 630724 16451
2791 37448 1524
2792 382927 9848
2793 0 0
2794 0 0
2795 156 285
2796 0 0
2797 0 0
2798 620616 12295
2799 0 0
2800 0 0
2801 0 0
2802 0 0
2803 361 1083
2804 413304 8866
2805 649448 15528
2806 1035411 26736
2807 0 0
2808 0 0
2809 479 887
2810 3206 1809
2811 427 722
2812 0 0
2813 0 0
2814 0 0
2815 104 52
2816 52 52
2817 0 0
2818 0 0
2819 0 0
2820 1500408 43856
2821 633117 18900
2822 4500 180
2823 0 0
2824 0 0
2825 0 0
2826 0 0
2827 0 0
2828 0 0
2829 0 0
2830 0 0
2831 0 0
2832 52 52
2833 0 0
2834 0 0
2835 0 0
2836 900056 22330
2837 542896 21644
2838 411901 7604
2839 644 1620
2840 3041 1076
2841 275948 6315
2842 251629 8296
2843 361 1225
2844 0 0
2845 104 52
2846 0 0
2847 0 0
2848 0 0
2849 0 0
2850 967 962
2851 256 668
2852 52 52
2853 730861 19281
2854 617792 22116
2855 404528 9340
2856 0 0
2857 0 0
2858 0 0
2859 0 0
2860 0 0
2861 0 0
2862 0 0
2863 0 0
2864 0 0
2865 52 52
2866 0 0
2867 0 0
2868 0 0
2869 900217 27733
2870 601812 14922
2871 645000 15728
2872 5036 168
2873 428519 8967
2874 0 0
2875 104 52
2876 0 0
2877 0 0
2878 0 0
2879 0 0
2880 833 959
2881 0 0
2882 0 0
2883 52 52
2884 139861 5307
2885 1298195 26696
2886 85396 3508
2887 0 0
2888 0 0
2889 0 0
2890 0 0
2891 427 723
2892 0 0
2893 0 0
2894 0 0
2895 0 0
2896 52 52
2897 0 0
2898 0 0
2899 473 1569
2900 3041 1076
2901 0 0
2902 0 0
2903 0 0
2904 0 0
2905 465 1135
2906 52 52
2907 0 0
2908 0 0
2909 0 0
2910 1097 959
2911 0 0
2912 0 0
2913 0 0
2914 0 0
2915 0 0
2916 52 52
2917 132 135
2918 0 0
2919 0 0
2920 0 0
2921 0 0
2922 0 0
2923 0 0
2924 0 0
2925 0 0
2926 0 0
2927 0 0
2928 0 0
2929 420 1497
2930 3094 1128
2931 427 722
2932 0 0
2933 0 0
2934 0 0
2935 104 52
2936 0 0
2937 0 0
2938 0 0
2939 0 0
2940 0 0
2941 0 0
2942 0 0
2943 0 0
2944 0 0
2945 0 0
2946 0 0
2947 0 0
2948 0 0
2949 0 0
2950 0 0
2951 0 0
2952 0 0
2953 309 1225
2954 217 733
2955 1729 282
2956 0 0
2957 1116 651
2958 0 0
2959 308 816
2960 0 0
2961 0 0
2962 104 52
2963 0 0
2964 0 0
2965 0 0
2966 0 0
2967 0 0
2968 0 0
2969 0 0
2970 0 0
2971 427 723
2972 0 0
2973 0 0
2974 3010 1614
2975 0 0
2976 0 0
2977 104 803
2978 1227 52
2979 0 0
2980 0 0
2981 0 0
2982 0 0
2983 104 52
2984 0 0
2985 0 0
2986 0 0
2987 361 1083
2988 0 0
2989 479 869
2990 0 0
2991 0 0
2992 0 0
2993 0 0
2994 447 656
2995 0 0
2996 0 0
2997 0 0
2998 0 0
2999 0 0
3000 0 0
3001 0 0
3002 0 0
3003 447 674
3004 0 52
3005 0 0
3006 0 0
3007 0 0
3008 0 0
3009 1568 785
3010 1658 1033
3011 427 827
3012 0 0
3013 732 1712
3014 1169 2719
3015 104 52
3016 0 0
3017 0 0
3018 0 0
3019 0 0
3020 0 0
3021 756 1793
3022 337741 17138
3023 364769 20156
3024 671351 42925
3025 117816 4053
3026 646500 11596
3027 652676 17495
3028 1273043 45124
3029 0 0
3030 0 0
3031 633320 18696
3032 394843 10199
3033 872 3169
3034 429 719
3035 0 0
3036 0 0
3037 0 0
3038 891056 18425
3039 0 0
3040 0 0
3041 649983 13546
3042 639025 17599
3043 192451 5022
3044 571943 11746
3045 295448 5512
3046 748759 13000
3047 104 52
3048 739500 14461
3049 636000 17392
3050 0 0
3051 0 0
3052 27156 2279
3053 234988 4310
3054 1845621 58442
3055 121500 5172
3056 564000 14654
3057 14552 520
3058 0 0
3059 129431 4576
3060 626948 14636
3061 602896 14264
3062 640959 15872
3063 59060 1456
3064 0 0
3065 0 0
3066 0 0
3067 54453 3990
3068 0 0
3069 199500 5051
3070 566688 10244
3071 1254290 22100
3072 6978 8025
3073 1200 1887
3074 3166 1085
3075 4031 1665
3076 0 0
3077 858186 25847
3078 560792 15176
3079 640448 14588
3080 49448 1348
3081 177418 3068
3082 840098 21917
3083 643442 14898
3084 0 0
3085 52 52
3086 192449 4044
3087 352 352
3088 1960106 61147
3089 1894 1571
3090 53104 2295
3091 361 1225
3092 483 883
3093 0 0
3094 0 0
3095 291 104
3096 875942 18385
3097 340635 6344
3098 805500 22856
3099 225966 5040
3100 0 0
3101 0 0
3102 0 0
3103 0 0
3104 0 0
3105 1568 963
3106 1658 855
3107 190448 5439
3108 532448 9672
3109 1271310 31900
3110 118448 4980
3111 104 52
3112 0 0
3113 0 0
3114 0 0
3115 0 0
3116 134948 3871
3117 648719 13268
3118 631500 18532
3119 975349 22132
3120 1036 965
3121 0 0
3122 483 886
3123 0 0
3124 0 0
3125 1191000 29768
3126 649500 11700
3127 128296 2600
3128 0 0
3129 0 0
3130 0 0
3131 0 0
3132 52 52
3133 0 0
3134 116252 3660
3135 1297760 23678
3136 514033 12708
3137 1568 963
3138 1658 855
3139 483 1521
3140 1357 202
3141 539672 16133
3142 0 0
3143 0 0
3144 196 300
3145 1503 2872
3146 52 0
3147 0 0
3148 260 602
3149 0 0
3150 940 1190
3151 52 52
3152 312 857
3153 0 0
3154 0 0
3155 0 0
3156 0 0
3157 1680435 40100
3158 0 0
3159 0 0
3160 0 0
3161 0 0
3162 0 0
3163 0 0
3164 0 0
3165 361 1225
3166 0 0
3167 52 52
3168 515432 11555
3169 165 733
3170 3041 1076
3171 0 0
3172 1146000 44424
3173 753097 27612
3174 0 0
3175 104 52
3176 361 1083
3177 0 0
3178 0 0
3179 431 728
3180 811 959
3181 0 0
3182 312 836
3183 52 52
3184 325500 7288
3185 0 0
3186 0 0
3187 37344 988
3188 1174396 20748
3189 596289 10712
3190 0 0
3191 0 0
3192 0 0
3193 104 233
3194 591595 17619
3195 104 285
3196 0 0
3197 0 0
3198 156 855
3199 956912 28072
3200 289638 7314
3201 118344 2616
3202 610448 10972
3203 123409 2548
3204 0 0
3205 104 52
3206 0 0
3207 260 603
3208 0 0
3209 0 0
3210 683 1438
3211 0 0
3212 483 888
3213 52 52
3214 0 0
3215 0 0
3216 275948 6404
3217 0 0
3218 0 0
3219 483104 9410
3220 557841 16897
3221 637048 11284
3222 0 0
3223 0 0
3224 0 0
3225 0 0
3226 0 0
3227 649448 12904
3228 649500 11700
3229 391640 8099
3230 49482 2690
3231 0 0
3232 0 0
3233 0 0
3234 0 0
3235 104 52
3236 361 1083
3237 64 2230
3238 206948 4004
3239 178240 3432
3240 136022 3960
3241 0 0
3242 483 887
3243 0 0
3244 0 0
3245 467 2196
3246 82292 2652
3247 185792 3744
3248 1203457 36981
3249 649512 12904
3250 643932 18084
3251 418734 7656
3252 312 994
3253 0 0
3254 0 0
3255 0 0
3256 0 0
3257 52 1204
3258 613809 13521
3259 648 1461
3260 3093 1128
3261 640500 17440
3262 0 0
3263 0 0
3264 409136 13280
3265 58604 1852
3266 362688 7844
3267 0 0
3268 0 0
3269 2760 104
3270 52 52
3271 0 0
3272 0 0
3273 40500 2296
3274 505396 12168
3275 420824 8221
3276 3062 985
3277 0 0
3278 0 0
3279 0 0
3280 248 3532
3281 537305 9724
3282 483 888
3283 0 0
3284 0 0
3285 0 0
3286 768052 24464
3287 224130 7044
3288 1034824 21952
3289 165 733
3290 13593 2644
3291 518896 9360
3292 649396 11648
3293 0 0
3294 0 0
3295 647948 11648
3296 219042 4212
3297 0 0
3298 0 0
3299 431 726
3300 0 0
3301 0 0
3302 244133 8735
3303 0 0
3304 0 0
3305 0 0
3306 64 2408
3307 647844 11648
3308 597776 15796
3309 0 0
3310 0 0
3311 0 0
3312 483 1016
3313 0 0
3314 0 0
3315 0 0
3316 0 0
3317 361 1083
3318 52 52
3319 112 681
3320 3094 1128
3321 0 0
3322 0 0
3323 1500 40
3324 361 1225
3325 104 52
3326 0 0
3327 0 0
3328 52 52
3329 0 0
3330 0 0
3331 0 0
3332 0 0
3333 0 0
3334 0 0
3335 0 0
3336 0 0
3337 0 0
3338 132 135
3339 553 1013
3340 0 0
3341 0 0
3342 5657 3014
3343 0 0
3344 0 0
3345 0 0
3346 0 0
3347 0 0
3348 0 0
3349 60 681
3350 3535 1735
3351 0 0
3352 0 0
3353 0 0
3354 0 0
3355 104 52
3356 0 0
3357 0 0
3358 0 0
3359 0 0
3360 902 1492
3361 0 0
3362 0 0
3363 0 0
3364 0 0
3365 0 0
3366 0 0
3367 0 0
3368 0 0
3369 0 0
3370 0 0
3371 0 0
3372 473 869
3373 0 0
3374 0 0
3375 0 0
3376 0 0
3377 0 0
3378 0 0
3379 415 1410
3380 3041 1076
3381 0 0
3382 0 0
3383 0 0
3384 0 0
3385 104 52
3386 0 0
3387 0 0
3388 309 1083
3389 52 0
3390 0 0
3391 0 0
3392 0 0
3393 0 0
3394 361 1225
3395 0 0
3396 0 0
3397 0 0
3398 0 0
3399 0 0
3400 0 0
3401 0 0
3402 302 817
3403 0 0
3404 0 0
3405 0 0
3406 0 0
3407 0 0
3408 0 0
3409 1568 963
3410 1638 846
3411 0 0
3412 0 0
3413 0 0
3414 0 0
3415 104 52
3416 0 0
3417 0 0
3418 0 0
3419 421 729
3420 0 0
3421 0 0
3422 0 0
3423 0 0
3424 0 0
3425 0 0
3426 0 0
3427 0 0
3428 0 0
3429 0 0
3430 0 0
3431 0 0
3432 302 816
3433 0 0
3434 0 0
3435 0 0
3436 0 0
3437 0 0
3438 0 0
3439 60 681
3440 3146 1128
3441 0 0
3442 0 0
3443 0 0
3444 0 0
3445 104 52
3446 0 0
3447 0 0
3448 60 394
3449 4113 2600
3450 744 1498
3451 0 0
3452 0 0
3453 0 0
3454 0 0
3455 0 0
3456 0 0
3457 361 1225
3458 235280 21370
3459 449937 17220
3460 14111 25812
3461 448 758
3462 0 0
3463 0 0
3464 12724 6311
3465 52 0
3466 551162 19737
3467 984600 43391
3468 1376353 33268
3469 654194 24873
3470 1165256 27021
3471 248895 8670
3472 244507 6936
3473 1292312 26048
3474 42584 1792
3475 401597 12040
3476 0 0
3477 413 1135
3478 52 52
3479 0 0
3480 494515 13214
3481 1266206 27924
3482 284967 11414
3483 0 0
3484 0 0
3485 0 0
3486 0 1192
3487 1239540 32904
3488 213468 9275
3489 0 0
3490 52 52
3491 361 1225
3492 0 0
3493 0 0
3494 0 0
3495 741867 21615
3496 187937 7900
3497 184 187
3498 302 831
3499 1568 963
3500 1638 846
3501 0 0
3502 157977 5136
3503 0 0
3504 0 0
3505 104 52
3506 634328 23296
3507 647628 16028
3508 0 0
3509 135 104
3510 0 0
3511 0 0
3512 0 0
3513 0 0
3514 1191669 36757
3515 45528 1844
3516 117656 4992
3517 150 150
3518 1221760 25824
3519 150359 5642
3520 0 0
3521 0 1194
3522 647640 15358
3523 0 0
3524 52 52
3525 0 0
3526 0 0
3527 600 600
3528 473 883
3529 732194 21488
3530 3041 1076
3531 1253 1145
3532 0 0
3533 0 0
3534 52 52
3535 104 52
3536 709494 25109
3537 803448 19890
3538 0 0
3539 749 1188
3540 1046516 21160
3541 475966 18434
3542 645798 27000
3543 19084 756
3544 1570516 51679
3545 164812 4471
3546 303128 13044
3547 649513 20835
3548 0 0
3549 0 0
3550 27916 1140
3551 646052 17976
3552 317028 10540
3553 0 0
3554 468953 9696
3555 0 0
3556 0 0
3557 52 52
3558 553945 18649
3559 597692 15517
3560 525498 17552
3561 19084 756
3562 375876 14940
3563 250 603
3564 413 1277
3565 104 52
3566 0 1195
3567 634628 29982
3568 0 0
3569 0 0
3570 0 0
3571 0 0
3572 0 0
3573 772 1188
3574 1130562 48562
3575 889833 25107
3576 647674 26450
3577 642998 26786
3578 649048 21272
3579 10054 312
3580 0 0
3581 0 0
3582 421 719
3583 0 0
3584 0 0
3585 52 52
3586 392 600
3587 0 0
3588 628544 23563
3589 165 733
3590 3041 1076
3591 0 0
3592 0 0
3593 0 0
3594 0 0
3595 466728 17936
3596 151564 6608
3597 535756 10440
3598 740897 18307
3599 0 0
3600 0 0
3601 0 0
3602 0 0
3603 0 0
3604 0 0
3605 0 0
3606 0 0
3607 0 0
3608 104 104
3609 361 1083
3610 0 0
3611 0 0
3612 0 0
3613 0 0
3614 1285004 24335
3615 619715 15444
3616 0 0
3617 0 0
3618 52 52
3619 1568 963
3620 1638 846
3621 0 0
3622 421 722
3623 0 0
3624 0 0
3625 438640 17320
3626 361 1225
3627 0 0
3628 473 887
3629 156 1480
3630 635864 17659
3631 641688 18549
3632 89688 3764
3633 317611 12907
3634 0 0
3635 52 52
3636 0 0
3637 0 0
3638 0 0
3639 104 570
3640 104 570
3641 0 0
3642 0 0
3643 877 1240
3644 0 0
3645 52 52
3646 0 0
3647 0 0
3648 0 0
3649 1568 963
3650 1638 846
3651 1738951 48839
3652 0 0
3653 0 0
3654 0 0
3655 236 187
3656 0 0
3657 0 0
3658 302 834
3659 0 0
3660 0 0
3661 52 52
3662 234613 6697
3663 202433 7552
3664 0 0
3665 0 0
3666 0 0
3667 1249120 46167
3668 605370 28024
3669 0 0
3670 0 0
3671 361 1083
3672 0 0
3673 52 52
3674 0 0
3675 0 0
3676 0 0
3677 0 0
3678 52 52
3679 112 681
3680 3094 1128
3681 0 0
3682 0 0
3683 1190848 45527
3684 0 0
3685 104 52
3686 145520 6568
3687 799828 18504
3688 302 835
3689 67448 2676
3690 371868 11060
3691 0 0
3692 0 0
3693 0 0
3694 0 0
3695 0 0
3696 0 0
3697 52 52
3698 0 0
3699 0 0
3700 52 52
3701 0 0
3702 421 723
3703 0 0
3704 64 2390
3705 604888 14436
3706 1127625 24984
3707 0 0
3708 0 0
3709 112 681
3710 3146 1180
3711 0 0
3712 0 0
3713 0 0
3714 361 1225
3715 104 1168
3716 440890 12168
3717 0 0
3718 473 886
3719 0 0
3720 987764 19083
3721 603468 26864
3722 116132 2444
3723 131860 2704
3724 0 0
3725 0 0
3726 52 52
3727 0 0
3728 0 0
3729 0 0
3730 0 0
3731 0 0
3732 0 0
3733 52 52
3734 0 0
3735 0 0
3736 52 52
3737 0 0
3738 0 0
3739 1568 963
3740 1638 846
3741 0 0
3742 1272122 30271
3743 264791 10223
3744 0 0
3745 104 52
3746 184 187
3747 0 0
3748 665 2808
3749 0 0
3750 407266 16284
3751 0 0
3752 0 0
3753 52 52
3754 0 0
3755 0 0
3756 23896 1012
3757 52 1195
3758 634172 15448
3759 42428 1524
3760 1213203 36520
3761 0 0
3762 0 0
3763 0 0
3764 0 0
3765 0 0
3766 52 52
3767 0 0
3768 250 603
3769 112 681
3770 3146 1180
3771 0 0
3772 0 0
3773 0 0
3774 695112 13883
3775 1187852 27520
3776 166708 3380
3777 0 0
3778 1081 2074
3779 0 0
3780 276000 14176
3781 159899 3316
3782 250 667
3783 0 0
3784 0 0
3785 0 0
3786 52 52
3787 0 0
3788 361 1083
3789 0 0
3790 0 0
3791 52 52
3792 0 0
3793 0 0
3794 0 0
3795 991416 19135
3796 645948 27224
3797 69132 2976
3798 191711 7320
3799 60 681
3800 3146 1128
3801 413 1277
3802 0 0
3803 0 0
3804 0 0
3805 104 52
3806 0 0
3807 28500 2052
3808 535286 14464
3809 0 0
3810 0 0
3811 0 0
3812 1288238 24347
3813 232420 9908
3814 0 0
3815 0 0
3816 0 0
3817 0 0
3818 52 52
3819 0 0
3820 0 0
3821 0 0
3822 250 671
3823 52 52
3824 0 0
3825 0 0
3826 0 0
3827 0 0
3828 1295308 31803
3829 57400 3255
3830 334206 12522
3831 59715 1092
3832 0 0
3833 0 0
3834 0 0
3835 104 52
3836 0 0
3837 0 0
3838 115421 4662
3839 219328 5788
3840 253184 6728
3841 646208 14012
3842 1472 52
3843 599052 10972
3844 124658 2548
3845 0 0
3846 0 0
3847 0 0
3848 0 0
3849 568757 23437
3850 0 0
3851 0 0
3852 0 0
3853 0 0
3854 52 52
3855 0 0
3856 0 0
3857 0 0
3858 0 0
3859 528509 11652
3860 652398 19657
3861 32332 1332
3862 858968 29381
3863 0 0
3864 0 0
3865 104 52
3866 0 0
3867 0 0
3868 473 888
3869 413 1135
3870 0 0
3871 423012 19136
3872 111937 4776
3873 0 0
3874 37510 3074
3875 0 0
3876 0 0
3877 0 0
3878 0 0
3879 104 52
3880 0 0
3881 0 0
3882 52 52
3883 0 0
3884 52 52
3885 0 0
3886 0 0
3887 0 0
3888 0 0
3889 112 681
3890 3094 1128
3891 390028 8475
3892 1245260 50180
3893 89740 4048
3894 435675 12460
3895 104 52
3896 0 0
3897 0 0
3898 302 836
3899 0 0
3900 0 0
3901 0 0
3902 421 724
3903 0 0
3904 184 187
3905 361 1083
3906 0 0
3907 0 0
3908 0 0
3909 0 0
3910 0 0
3911 0 0
3912 0 0
3913 0 0
3914 52 52
3915 0 0
3916 0 0
3917 0 0
3918 92632 3223
3919 631549 15725
3920 647621 17252
3921 526919 15044
3922 0 0
3923 0 0
3924 0 0
3925 104 52
3926 0 0
3927 0 0
3928 473 888
3929 363 1973
3930 522000 20984
3931 52 52
3932 0 0
3933 18000 624
3934 0 0
3935 0 0
3936 25182 832
3937 0 0
3938 0 0
3939 0 0
3940 0 0
3941 52 52
3942 421 719
3943 0 0
3944 0 0
3945 149104 4263
3946 644684 19104
3947 1472 52
3948 1071844 36532
3949 1568 963
3950 1638 846
3951 0 0
3952 0 0
3953 0 0
3954 0 0
3955 104 52
3956 52 52
3957 469841 21488
3958 525 939
3959 0 0
3960 0 0
3961 0 0
3962 0 0
3963 0 0
3964 100448 4212
3965 0 0
3966 0 0
3967 0 0
3968 52 52
3969 0 0
3970 0 0
3971 361 2278
3972 410201 19203
3973 0 0
3974 52 52
3975 0 0
3976 0 0
3977 52 1195
3978 503268 23420
3979 184519 8685
3980 3146 1180
3981 0 0
3982 421 720
3983 367927 8007
3984 52 52
3985 104 52
3986 0 0
3987 64 2390
3988 628097 25339
3989 117760 5108
3990 0 0
3991 0 0
3992 0 0
3993 284010 6603
3994 184 187
3995 0 0
3996 0 0
3997 0 0
3998 595928 12227
3999 649498 21120
4000 0 0
4001 0 0
4002 641740 27272
4003 97136 2080
4004 473236 18162
4005 0 0
4006 0 0
4007 0 0
4008 0 0
4009 1568 963
4010 1638 846
4011 0 0
4012 0 0
4013 52 52
4014 52 52
4015 104 52
4016 0 0
4017 0 0
4018 473 887
4019 0 0
4020 436576 9307
4021 630016 28608
4022 421 723
4023 562521 23736
4024 52 52
4025 0 0
4026 0 0
4027 0 0
4028 0 0
4029 0 0
4030 0 0
4031 0 1118
4032 279012 12538
4033 255488 8704
4034 0 0
4035 0 0
4036 0 0
4037 0 0
4038 0 0
4039 165 733
4040 588845 13035
4041 624281 22352
4042 618 80
4043 52 52
4044 113549 4976
4045 784512 30456
4046 309 40
4047 361 1083
4048 473 887
4049 0 0
4050 0 0
4051 0 0
4052 309 40
4053 413 1277
4054 0 0
4055 52 52
4056 0 0
4057 0 1195
4058 631448 26287
4059 0 0
4060 1371626 52620
4061 0 0
4062 421 724
4063 184 187
4064 0 0
4065 0 0
4066 0 0
4067 0 0
4068 349811 10243
4069 180071 8885
4070 2042 1128
4071 1208 52
4072 0 0
4073 0 0
4074 0 0
4075 0 0
4076 104 52
4077 0 0
4078 910050 18514
4079 647732 15724
4080 400384 11088
4081 144862 3016
4082 0 0
4083 0 0
4084 0 0
4085 0 0
4086 0 0
4087 0 0
4088 0 0
4089 52 52
4090 0 0
4091 52 52
4092 0 0
4093 0 0
4094 0 0
4095 1190796 26027
4096 1472 64
4097 606964 11140
4098 361 1225
4099 349 920
4100 193904 6379
4101 305767 9824
4102 250 672
4103 0 0
4104 0 0
4105 104 52
4106 0 0
4107 52 52
4108 473 888
4109 0 0
4110 0 0
4111 1261400 31027
4112 644580 20976
4113 0 0
4114 55884 1404
4115 0 0
4116 0 0
4117 42480 1092
4118 106270 2288
4119 0 0
4120 0 0
4121 52 52
4122 489918 11986
4123 0 0
4124 0 0
4125 0 0
4126 0 1195
4127 872960 18223
4128 641740 13820
4129 116303 3177
4130 3041 1076
4131 0 0
4132 421 1529
4133 4117 1667
4134 0 0
4135 104 52
4136 0 0
4137 0 0
4138 1094221 21843
4139 495046 13980
4140 0 0
4141 0 0
4142 473 776
4143 0 0
4144 0 0
4145 0 0
4146 0 0
4147 0 0
4148 0 0
4149 52 52
4150 0 0
4151 0 0
4152 132 135
4153 0 0
4154 250 603
4155 0 0
4156 0 0
4157 0 0
4158 0 0
4159 112 733
4160 3146 1128
4161 0 0
4162 0 0
4163 0 0
4164 813 1247
4165 104 52
4166 0 0
4167 0 0
4168 302 835
4169 184 187
4170 0 0
4171 0 0
4172 0 0
4173 0 0
4174 3010 1614
4175 0 0
4176 0 0
4177 0 0
4178 0 0
4179 104 52
4180 0 0
4181 0 0
4182 421 724
4183 0 0
4184 361 1225
4185 0 0
4186 0 0
4187 0 0
4188 0 0
4189 0 60
4190 3258 1697
4191 0 52
4192 0 0
4193 135 104
4194 0 0
4195 52 52
4196 52 0
4197 0 0
4198 302 817
4199 0 0
4200 0 0
4201 361 1083
4202 0 0
4203 0 0
4204 0 0
4205 0 0
4206 0 0
4207 0 0
4208 0 0
4209 0 0
4210 0 0
4211 0 0
4212 0 0
4213 0 0
4214 0 0
4215 0 0
4216 0 0
4217 0 0
4218 0 0
4219 1568 963
4220 1638 846
4221 0 0
4222 421 721
4223 0 0
4224 0 0
4225 104 52
4226 0 0
4227 0 0
4228 302 817
4229 0 0
4230 0 0
4231 0 0
4232 0 0
4233 0 0
4234 0 0
4235 0 0
4236 0 0
4237 0 0
4238 0 0
4239 0 0
4240 0 0
4241 0 0
4242 0 0
4243 0 0
4244 0 0
4245 0 0
4246 0 0
4247 0 0
4248 0 0
4249 165 733
4250 3041 1076
4251 0 0
4252 0 0
4253 0 0
4254 0 0
4255 104 52
4256 0 0
4257 0 0
4258 473 868
4259 0 0
4260 0 0
4261 0 0
4262 421 721
4263 0 0
4264 431 655
4265 0 0
4266 0 0
4267 0 0
4268 0 0
4269 0 0
4270 309 1225
4271 52 0
4272 0 0
4273 0 0
4274 623 1373
4275 431 675
4276 0 0
4277 0 0
4278 0 0
4279 60 681
4280 3198 1128
4281 0 0
4282 0 0
4283 0 0
4284 654 1598
4285 208 1113
4286 761 254
4287 0 0
4288 361 1083
4289 0 0
4290 0 0
4291 0 0
4292 443749 27454
4293 496271 24044
4294 422356 15331
4295 483052 13545
4296 425948 11084
4297 67087 12025
4298 80646 31679
4299 277665 10648
4300 462206 19331
4301 0 0
4302 312 887
4303 339633 11687
4304 488948 12480
4305 290948 9048
4306 626829 19260
4307 260 665
4308 0 0
4309 1568 785
4310 1638 1024
4311 156 1248
4312 55174 3926
4313 536948 13388
4314 356896 9608
4315 88552 3752
4316 613811 15366
4317 431390 18400
4318 648012 18519
4319 615493 20164
4320 0 0
4321 571344 25138
4322 0 0
4323 0 0
4324 0 0
4325 0 0
4326 0 0
4327 0 0
4328 49651 4103
4329 295107 9643
4330 934 4465
4331 3361 1083
4332 532408 22794
4333 0 0
4334 0 0
4335 309 1225
4336 52 0
4337 0 0
4338 64604 4929
4339 522385 24354
4340 315347 11864
4341 0 0
4342 165000 7608
4343 530060 14651
4344 0 0
4345 104 52
4346 0 0
4347 0 0
4348 3000 80
4349 0 0
4350 52 52
4351 150 150
4352 0 0
4353 52 52
4354 129303 13234
4355 542 662
4356 4229 508
4357 300 300
4358 150 150
4359 0 0
4360 0 0
4361 427 2263
4362 312 1160
4363 0 0
4364 519 3421
4365 2711 104
4366 3902 156
4367 1500 40
4368 0 0
4369 165 733
4370 3169 3517
4371 196408 8160
4372 68930 3428
4373 186489 5352
4374 647551 14061
4375 293531 11596
4376 465902 8788
4377 7360 260
4378 476772 13936
4379 38272 1092
4380 556510 11359
4381 0 0
4382 0 0
4383 2705 2090
4384 0 0
4385 0 0
4386 413 1135
4387 92358 4914
4388 286448 7780
4389 16396 564
4390 599896 12668
4391 283448 8196
4392 0 0
4393 0 0
4394 0 0
4395 431 718
4396 52 52
4397 0 0
4398 430679 12004
4399 89905 2709
4400 273370 12445
4401 476917 14690
4402 368988 9488
4403 384776 8632
4404 522876 10024
4405 29948 1128
4406 835577 16957
4407 0 0
4408 477000 10904
4409 637650 14225
4410 0 0
4411 249980 7368
4412 391348 14157
4413 57674 1404
4414 557980 13272
4415 483040 9432
4416 98 150
4417 43730 1156
4418 22913 3252
4419 0 0
4420 0 0
4421 260376 6752
4422 211203 4652
4423 0 0
4424 0 0
4425 885184 19069
4426 647823 14848
4427 0 0
4428 0 0
4429 165 733
4430 3041 1076
4431 184 187
4432 312 1020
4433 0 0
4434 1500 40
4435 535 770
4436 52 52
4437 189415 5489
4438 137561 4511
4439 120000 5120
4440 0 0
4441 98 150
4442 72327 4030
4443 541333 13938
4444 295622 9466
4445 873208 19548
4446 1117344 22980
4447 0 0
4448 995 1249
4449 0 0
4450 0 0
4451 0 0
4452 0 0
4453 429928 10800
4454 427430 12370
4455 361 1225
4456 0 0
4457 0 0
4458 0 0
4459 112 681
4460 3094 1128
4461 539896 13280
4462 921529 21084
4463 52 285
4464 0 0
4465 104 52
4466 0 0
4467 548342 18651
4468 462727 17359
4469 470158 20665
4470 52 285
4471 0 0
4472 483 1060
4473 0 0
4474 0 60
4475 415889 14924
4476 460448 12112
4477 0 0
4478 0 0
4479 52 52
4480 104 52
4481 1500 40
4482 0 0
4483 0 0
4484 0 0
4485 0 0
4486 208 1409
4487 486045 13258
4488 0 0
4489 1560 721
4490 3146 1128
4491 0 0
4492 312 1022
4493 0 0
4494 0 0
4495 104 52
4496 0 0
4497 52 52
4498 1041087 46153
4499 0 0
4500 98 150
4501 338792 9992
4502 477379 13262
4503 418448 11296
4504 0 0
4505 0 0
4506 361 1083
4507 0 0
4508 104 1042
4509 726 306
4510 0 0
4511 0 0
4512 168544 5137
4513 19500 1749
4514 265887 10851
4515 260 666
4516 0 0
4517 0 0
4518 0 0
4519 548869 17539
4520 472836 15568
4521 648411 16987
4522 648483 16248
4523 0 0
4524 0 0
4525 61500 2536
4526 0 0
4527 1500 40
4528 197896 5648
4529 817500 16528
4530 32948 1028
4531 778204 15158
4532 13396 436
4533 292448 8528
4534 434948 11328
4535 0 0
4536 0 0
4537 600077 23500
4538 463637 11960
4539 0 0
4540 52 52
4541 1500 40
4542 0 0
4543 0 0
4544 0 0
4545 0 0
4546 0 0
4547 260 601
4548 52 52
4549 303337 7623
4550 294070 13627
4551 0 0
4552 508708 13487
4553 293896 7065
4554 459563 9756
4555 364 720
4556 0 0
4557 785 1193
4558 0 0
4559 454432 9436
4560 0 0
4561 0 0
4562 0 0
4563 0 0
4564 0 0
4565 0 0
4566 0 0
4567 0 0
4568 0 0
4569 52 52
4570 0 0
4571 0 0
4572 0 0
4573 0 0
4574 0 0
4575 1790433 37882
4576 156361 7869
4577 0 0
4578 0 0
4579 1568 963
4580 1638 846
4581 0 0
4582 483 887
4583 0 0
4584 0 0
4585 104 52
4586 463106 9592
4587 0 0
4588 0 0
4589 0 0
4590 0 0
4591 0 0
4592 361 1083
4593 0 0
4594 0 0
4595 431 721
4596 52 1274
4597 280512 10430
4598 0 0
4599 0 0
4600 772448 21296
4601 951211 26368
4602 0 0
4603 0 0
4604 0 0
4605 0 0
4606 0 0
4607 0 0
4608 455670 10648
4609 1568 963
4610 1638 846
4611 0 0
4612 483 886
4613 0 0
4614 0 0
4615 104 52
4616 0 0
4617 0 0
4618 52 52
4619 0 0
4620 0 0
4621 0 0
4622 0 0
4623 361 1225
4624 1742809 67410
4625 0 0
4626 0 0
4627 0 0
4628 0 0
4629 0 0
4630 0 0
4631 0 0
4632 0 0
4633 0 0
4634 52 52
4635 431 722
4636 0 0
4637 0 0
4638 0 0
4639 112 681
4640 3094 1128
4641 0 0
4642 483 886
4643 0 0
4644 1762469 69466
4645 104 52
4646 0 0
4647 0 0
4648 0 0
4649 569 1684
4650 52 0
4651 0 0
4652 0 0
4653 0 0
4654 52 52
4655 457701 23348
4656 0 0
4657 0 0
4658 0 0
4659 1219 2418
4660 0 0
4661 1854522 72302
4662 0 0
4663 0 0
4664 0 0
4665 0 0
4666 0 0
4667 0 0
4668 0 0
4669 0 60
4670 3206 1749
4671 232240 9176
4672 233635 8591
4673 0 0
4674 0 0
4675 364 722
4676 0 0
4677 0 0
4678 0 0
4679 0 0
4680 0 0
4681 9000 1534
4682 1594963 27664
4683 0 0
4684 0 0
4685 0 0
4686 0 0
4687 0 0
4688 0 0
4689 0 0
4690 0 0
4691 0 0
4692 52 52
4693 0 0
4694 0 0
4695 0 0
4696 0 0
4697 0 0
4698 0 1222
4699 2066537 49042
4700 3146 1128
4701 0 0
4702 483 887
4703 361 1225
4704 0 0
4705 104 52
4706 0 0
4707 0 0
4708 0 0
4709 465610 19144
4710 0 0
4711 0 0
4712 0 0
4713 0 0
4714 0 0
4715 260 668
4716 0 0
4717 0 0
4718 0 0
4719 1857829 58570
4720 0 0
4721 0 0
4722 0 0
4723 0 0
4724 0 0
4725 0 0
4726 0 0
4727 0 0
4728 0 0
4729 164 733
4730 462905 14008
4731 0 0
4732 483 888
4733 0 0
4734 0 0
4735 104 52
4736 0 0
4737 0 0
4738 309 1083
4739 52 0
4740 52 52
4741 0 0
4742 0 0
4743 0 0
4744 0 0
4745 0 0
4746 16396 1690
4747 350740 12556
4748 32792 1140
4749 982598 17864
4750 0 0
4751 0 0
4752 0 0
4753 0 0
4754 0 0
4755 569358 16790
4756 295894 10058
4757 352396 8588
4758 967292 20796
4759 319024 8145
4760 3146 1128
4761 0 0
4762 483 1076
4763 0 0
4764 0 0
4765 104 52
4766 52 52
4767 0 0
4768 1169480 26766
4769 23948 1040
4770 478188 11664
4771 129277 3832
4772 0 0
4773 455379 10861
4774 3010 1614
4775 0 0
4776 52 52
4777 0 0
4778 1302252 23842
4779 867098 14820
4780 0 0
4781 0 0
4782 0 0
4783 0 0
4784 0 0
4785 0 0
4786 184 187
4787 0 0
4788 0 0
4789 164 733
4790 3094 1128
4791 0 0
4792 536 951
4793 0 0
4794 0 0
4795 364 770
4796 0 0
4797 0 0
4798 0 0
4799 740688 14482
4800 1078926 20168
4801 0 0
4802 0 0
4803 0 0
4804 0 0
4805 456911 9436
4806 0 0
4807 0 0
4808 0 0
4809 0 0
4810 0 0
4811 0 0
4812 0 0
4813 0 0
4814 0 0
4815 52 52
4816 0 0
4817 0 0
4818 0 0
4819 112 681
4820 3455 2353
4821 1960807 44130
4822 312 835
4823 0 0
4824 0 0
4825 104 52
4826 0 0
4827 361 1083
4828 0 0
4829 0 0
4830 0 0
4831 52 52
4832 458335 19677
4833 0 0
4834 0 0
4835 431 721
4836 0 0
4837 1677701 70730
4838 0 0
4839 0 0
4840 0 0
4841 0 0
4842 0 0
4843 0 0
4844 0 0
4845 0 0
4846 0 0
4847 52 52
4848 353792 7670
4849 43404 2269
4850 85178 4136
4851 83688 3200
4852 167532 7043
4853 314680 7276
4854 236940 4576
4855 295804 5732
4856 280648 5332
4857 10347 260
4858 342252 7254
4859 122783 4193
4860 0 0
4861 0 0
4862 0 0
4863 0 0
4864 2066598 39882
4865 0 0
4866 0 0
4867 0 0
4868 0 0
4869 0 0
4870 0 0
4871 0 0
4872 0 0
4873 0 0
4874 476692 18478
4875 431 722
4876 0 0
4877 0 0
4878 0 0
4879 165 733
4880 3041 1076
4881 0 0
4882 483 887
4883 0 0
4884 52 52
4885 104 52
4886 0 0
4887 0 0
4888 0 0
4889 0 0
4890 0 0
4891 0 0
4892 0 0
4893 0 0
4894 52 52
4895 0 0
4896 361 1083
4897 0 0
4898 0 0
4899 0 0
4900 0 0
4901 1962938 58602
4902 218433 5619
4903 0 0
4904 0 0
4905 0 0
4906 0 0
4907 0 0
4908 0 0
4909 60 681
4910 3146 1128
4911 0 0
4912 535 938
4913 0 0
4914 0 0
4915 364 722
4916 0 0
4917 90804 3606
4918 524376 12468
4919 0 0
4920 0 0
4921 397396 9564
4922 721292 14152
4923 479209 11454
4924 181092 4896
4925 0 0
4926 0 0
4927 0 0
4928 0 0
4929 0 0
4930 0 0
4931 0 0
4932 0 0
4933 401740 8554
4934 67396 2740
4935 3703 1509
4936 998 194
4937 340188 8892
4938 283292 6636
4939 485800 14781
4940 28517 1960
4941 361 1083
4942 312 836
4943 0 0
4944 0 0
4945 104 52
4946 0 0
4947 0 0
4948 309 1225
4949 52 0
4950 52 52
4951 0 0
4952 0 0
4953 0 0
4954 0 0
4955 260 669
4956 0 0
4957 0 0
4958 0 0
4959 0 0
4960 52 52
4961 0 0
4962 135 104
4963 0 0
4964 0 0
4965 0 0
4966 0 0
4967 0 0
4968 0 0
4969 112 681
4970 3226 1263
4971 0 0
4972 483 868
4973 0 0
4974 0 0
4975 104 52
4976 0 0
4977 0 0
4978 0 0
4979 0 0
4980 0 0
4981 0 0
4982 0 0
4983 0 0
4984 0 0
4985 0 0
4986 0 0
4987 0 0
4988 0 0
4989 0 0
4990 0 0
4991 0 0
4992 0 0
4993 0 0
4994 98 150
4995 431 721
4996 0 0
4997 0 0
4998 0 0
4999 165 733
5000 3041 1076
5001 0 0
5002 673 1898
5003 0 0
5004 0 0
5005 104 52
5006 0 0
5007 0 0
5008 0 0
5009 0 0
5010 0 0
5011 0 0
5012 0 0
5013 0 0
5014 0 0
5015 0 0
5016 0 0
5017 0 0
5018 0 0
5019 0 0
5020 0 0
5021 0 0
5022 0 0
5023 0 0
5024 0 0
5025 0 0
5026 0 0
5027 0 0
5028 0 0
5029 60 681
5030 3094 1076
5031 0 0
5032 483 868
5033 361 1225
5034 0 0
5035 364 722
5036 0 0
5037 0 0
5038 0 0
5039 0 0
5040 4735 1636
5041 11192 4200
5042 44931 1612
5043 0 0
5044 0 0
5045 0 0
5046 0 135
5047 135 80
5048 0 0
5049 0 0
5050 0 52
5051 104 52
5052 150 202
5053 0 0
5054 0 0
5055 0 0
5056 0 0
5057 0 0
5058 0 0
5059 165 733
5060 3041 1076
5061 104 104
5062 312 868
5063 52 0
5064 0 0
5065 104 52
5066 0 0
5067 0 0
5068 0 0
5069 0 0
5070 0 0
5071 52 104
5072 645 1439
5073 52 52
5074 3010 1614
5075 260 663
5076 0 0
5077 0 0
5078 0 0
5079 104 52
5080 18107 5756
5081 996619 43954
5082 2016686 76384
5083 1223233 42424
5084 361 1083
5085 248154 13844
5086 9926 7929
5087 0 0
5088 0 0
5089 356898 8530
5090 3577 2046
5091 932 2803
5092 190319 5699
5093 1945081 56532
5094 0 0
5095 104 52
5096 0 0
5097 0 0
5098 0 0
5099 495177 10902
5100 0 0
5101 208 208
5102 566 871
5103 0 52
5104 1724758 77425
5105 0 0
5106 361 1458
5107 104 52
5108 0 0
5109 0 0
5110 0 0
5111 448 457
5112 1705034 60439
5113 1472 52
5114 515882 24787
5115 0 0
5116 0 0
5117 0 0
5118 0 0
5119 60 681
5120 1586770 57340
5121 350232 12272
5122 162231 5560
5123 0 0
5124 52 52
5125 104 52
5126 0 0
5127 0 0
5128 0 0
5129 524532 10815
5130 0 0
5131 52 52
5132 0 0
5133 757716 14923
5134 1159186 20592
5135 0 0
5136 0 0
5137 0 0
5138 0 0
5139 0 0
5140 150 150
5141 202 202
5142 0 0
5143 0 0
5144 352 404
5145 524674 10959
5146 0 0
5147 0 0
5148 0 0
5149 60 681
5150 3597 2475
5151 405109 12430
5152 1758245 43680
5153 0 0
5154 0 0
5155 156 104
5156 52 187
5157 0 135
5158 135 80
5159 503618 10875
5160 0 60
5161 11537 2331
5162 29370 11682
5163 1971433 61887
5164 119024 5348
5165 0 0
5166 0 0
5167 0 0
5168 0 0
5169 0 0
5170 0 0
5171 52 52
5172 260 312
5173 52 0
5174 506079 10504
5175 1477680 56072
5176 604951 22592
5177 0 0
5178 0 0
5179 112 681
5180 3577 2015
5181 0 52
5182 260 260
5183 104 52
5184 0 0
5185 104 52
5186 413 1277
5187 0 0
5188 0 0
5189 52 1196
5190 844911 24146
5191 672632 16378
5192 1072645 30316
5193 312 104
5194 0 0
5195 0 0
5196 0 0
5197 0 0
5198 0 0
5199 98 150
5200 98 150
5201 0 0
5202 104 104
5203 508 612
5204 196 300
5205 518181 17368
5206 0 0
5207 0 0
5208 1183868 25740
5209 991772 32437
5210 3353 1912
5211 0 0
5212 52 52
5213 260 312
5214 52 0
5215 260 324
5216 52 40
5217 361 1083
5218 0 0
5219 528188 19452
5220 0 0
5221 0 0
5222 0 52
5223 862 728
5224 0 0
5225 0 0
5226 0 0
5227 0 0
5228 0 0
5229 52 52
5230 260 666
5231 0 0
5232 0 0
5233 52 52
5234 0 0
5235 428732 17848
5236 436924 15508
5237 302972 13940
5238 864882 32188
5239 165 733
5240 3524 1963
5241 0 0
5242 6170 1454
5243 52 52
5244 361 1225
5245 104 52
5246 0 0
5247 0 0
5248 52 52
5249 0 0
5250 504896 17524
5251 19591 1037
5252 52 52
5253 104 337
5254 0 0
5255 0 0
5256 260 855
5257 52 285
5258 0 0
5259 0 0
5260 0 0
5261 52 52
5262 52 52
5263 0 52
5264 52 0
5265 0 0
5266 0 0
5267 0 0
5268 1702184 56400
5269 421271 10189
5270 3910 2639
5271 0 0
5272 52 52
5273 0 0
5274 52 52
5275 104 52
5276 0 0
5277 135 215
5278 0 0
5279 52 52
5280 0 0
5281 0 0
5282 516287 22268
5283 0 0
5284 0 0
5285 0 0
5286 0 0
5287 0 0
5288 0 0
5289 0 0
5290 0 0
5291 0 0
5292 104 104
5293 0 0
5294 0 0
5295 0 0
5296 0 0
5297 0 0
5298 361 1083
5299 60 681
5300 3458 1962
5301 361 1225
5302 104 104
5303 0 0
5304 0 0
5305 104 52
5306 0 0
5307 0 0
5308 0 0
5309 0 0
5310 334927 16958
5311 607832 25956
5312 14668 772
5313 549393 20436
5314 113240 4788
5315 0 0
5316 0 0
5317 0 0
5318 0 0
5319 83904 3028
5320 366520 10692
5321 66084 2676
5322 0 0
5323 52 52
5324 0 0
5325 0 0
5326 0 0
5327 0 0
5328 0 0
5329 1568 963
5330 1950 1682
5331 1373 1197
5332 0 0
5333 52 52
5334 0 0
5335 104 52
5336 0 0
5337 78016 2964
5338 258760 8636
5339 448648 9456
5340 648944 14240
5341 68979 1612
5342 0 0
5343 52 52
5344 0 0
5345 0 0
5346 379323 8228
5347 142576 5940
5348 0 0
5349 0 0
5350 431 722
5351 0 0
5352 884412 17612
5353 881416 31308
5354 172515 6068
5355 0 0
5356 0 0
5357 0 0
5358 52 187
5359 60 681
5360 3458 1963
5361 0 0
5362 4169 1780
5363 841415 24448
5364 219185 20788
5365 478400 16936
5366 182112 7768
5367 116132 4752
5368 23552 1012
5369 0 0
5370 0 0
5371 0 0
5372 0 0
5373 52 52
5374 3062 1926
5375 260 0
5376 32747 2783
5377 603125 13772
5378 391549 9619
5379 535704 11556
5380 175376 6119
5381 348509 9496
5382 559728 14708
5383 457835 10292
5384 0 0
5385 673 1537
5386 0 0
5387 0 0
5388 0 0
5389 60 681
5390 3577 1850
5391 0 0
5392 0 0
5393 52 104
5394 52 0
5395 416 364
5396 0 0
5397 0 0
5398 0 0
5399 0 0
5400 0 0
5401 0 0
5402 0 0
5403 52 52
5404 52 52
5405 312 312
5406 607936 12376
5407 151512 6200
5408 760348 18000
5409 503008 10972
5410 140617 5500
5411 0 0
5412 0 0
5413 309 1083
5414 104 52
5415 156 312
5416 156 0
5417 0 0
5418 0 0
5419 112 681
5420 3146 1180
5421 52 1092
5422 299976 7292
5423 1472 52
5424 210242 7196
5425 914 988
5426 0 0
5427 0 0
5428 0 0
5429 0 0
5430 431 826
5431 0 0
5432 0 0
5433 0 0
5434 52 104
5435 52 0
5436 0 0
5437 0 0
5438 0 0
5439 1721928 31980
5440 184491 4112
5441 0 0
5442 0 0
5443 0 0
5444 0 0
5445 52 52
5446 0 0
5447 0 0
5448 0 0
5449 60 681
5450 3198 1180
5451 0 0
5452 54516 2444
5453 455753 8488
5454 0 0
5455 156 104
5456 0 0
5457 0 0
5458 0 0
5459 0 0
5460 0 0
5461 0 0
5462 0 0
5463 413 1277
5464 0 0
5465 52 52
5466 0 0
5467 0 0
5468 0 0
5469 0 0
5470 674 1509
5471 0 0
5472 0 0
5473 52 52
5474 0 0
5475 0 52
5476 104 1196
5477 1518844 36848
5478 252384 9164
5479 300 948
5480 3041 1076
5481 0 0
5482 20258 7399
5483 26657 884
5484 0 0
5485 104 52
5486 0 0
5487 0 0
5488 52 52
5489 0 0
5490 52 1092
5491 503872 9308
5492 104 104
5493 52 52
5494 0 0
5495 0 0
5496 0 0
5497 0 0
5498 0 0
5499 0 0
5500 483 991
5501 52 52
5502 52 104
5503 104 52
5504 0 0
5505 0 0
5506 361 1225
5507 0 0
5508 52 1196
5509 1199532 25477
5510 839483 26638
5511 0 0
5512 52 52
5513 52 104
5514 52 0
5515 104 52
5516 0 0
5517 0 0
5518 0 0
5519 0 0
5520 52 52
5521 0 0
5522 0 52
5523 304288 10613
5524 52 52
5525 0 0
5526 160503 6908
5527 49996 2156
5528 0 0
5529 0 0
5530 483 888
5531 0 0
5532 0 0
5533 104 104
5534 413 1135
5535 0 0
5536 0 0
5537 52 52
5538 0 0
5539 164 1877
5540 548098 13572
5541 738528 17676
5542 1208 52
5543 104 104
5544 52 52
5545 198564 5824
5546 348656 8428
5547 29544 1320
5548 0 0
5549 0 0
5550 52 572
5551 208 98
5552 0 0
5553 104 104
5554 54827 4306
5555 249182 6952
5556 7308 244
5557 332033 13277
5558 0 0
5559 0 0
5560 104 739
5561 0 0
5562 569 1323
5563 104 104
5564 12260 2457
5565 52 52
5566 0 0
5567 646208 13104
5568 165560 6232
5569 1568 963
5570 1638 846
5571 0 0
5572 0 0
5573 104 104
5574 52 52
5575 156 104
5576 0 0
5577 104 104
5578 52 52
5579 0 0
5580 52 1196
5581 622502 16508
5582 594376 15264
5583 417892 13540
5584 647472 19264
5585 52 52
5586 0 0
5587 132 135
5588 0 0
5589 361 1083
5590 520 1505
5591 204359 6874
5592 0 0
5593 465 1329
5594 42716 1851
5595 52 52
5596 0 0
5597 58724 2384
5598 239 589
5599 278268 7633
5600 122897 5926
5601 52 52
5602 48576 2100
5603 0 0
5604 0 0
5605 104 52
5606 0 0
5607 0 0
5608 0 0
5609 67892 5175
5610 179795 5381
5611 0 0
5612 0 0
5613 0 0
5614 0 0
5615 0 0
5616 0 0
5617 0 0
5618 0 0
5619 0 0
5620 52 1196
5621 517816 14842
5622 407357 11032
5623 0 0
5624 0 0
5625 0 0
5626 85487 4904
5627 0 0
5628 0 0
5629 1568 963
5630 164600 7070
5631 52 0
5632 0 0
5633 0 0
5634 0 0
5635 104 52
5636 467744 15316
5637 142547 3528
5638 0 0
5639 0 0
5640 312 836
5641 536995 11076
5642 0 0
5643 0 0
5644 0 0
5645 0 0
5646 0 0
5647 0 0
5648 0 0
5649 0 0
5650 0 0
5651 415 2364
5652 635956 20283
5653 0 0
5654 0 0
5655 1472 40
5656 0 0
5657 0 0
5658 0 0
5659 112 681
5660 3406 2151
5661 0 0
5662 612 2778
5663 611585 22096
5664 7124 4185
5665 104 52
5666 0 0
5667 0 0
5668 0 0
5669 361 1225
5670 224817 10428
5671 43244 2138
5672 0 0
5673 0 0
5674 3166 1770
5675 309 1083
5676 52 0
5677 0 0
5678 325208 12936
5679 104 52
5680 0 0
5681 0 0
5682 0 0
5683 0 0
5684 156 156
5685 83772 3340
5686 38284 4072
5687 0 0
5688 0 0
5689 165 733
5690 3041 1076
5691 0 0
5692 132 135
5693 40159 2915
5694 1604 187
5695 19344 1071
5696 236732 6172
5697 163392 4180
5698 0 0
5699 0 0
5700 483 1239
5701 0 0
5702 0 0
5703 0 0
5704 78327 4837
5705 219197 9116
5706 91576 4509
5707 247973 12091
5708 4788 208
5709 0 0
5710 52 570
5711 0 0
5712 208 98
5713 0 0
5714 551120 14641
5715 73600 2012
5716 47413 2757
5717 28072 1124
5718 52 52
5719 112 681
5720 3094 1128
5721 0 0
5722 0 0
5723 0 0
5724 135476 3156
5725 248084 6479
5726 159310 5435
5727 52 52
5728 52 52
5729 0 0
5730 312 836
5731 0 0
5732 0 0
5733 73081 3171
5734 553357 13323
5735 119543 4888
5736 132 135
5737 0 0
5738 3128 303
5739 72769 4130
5740 0 0
5741 19084 756
5742 47000 1920
5743 704032 17064
5744 328216 10432
5745 419460 13532
5746 522589 13436
5747 777369 26215
5748 1138842 31438
5749 158916 7381
5750 314913 12075
5751 416524 10780
5752 1296761 29460
5753 463524 16320
5754 0 0
5755 104 52
5756 135290 4220
5757 0 0
5758 0 0
5759 0 0
5760 483 889
5761 0 0
5762 0 0
5763 0 0
5764 0 0
5765 0 0
5766 104 104
5767 0 0
5768 0 0
5769 361 1225
5770 0 0
5771 1472 40
5772 0 0
5773 0 0
5774 0 0
5775 52 1196
5776 420992 8844
5777 19084 756
5778 319268 7008
5779 276745 7825
5780 179577 6868
5781 858417 18896
5782 0 0
5783 0 0
5784 0 0
5785 104 52
5786 184 187
5787 0 0
5788 0 1094
5789 490049 14498
5790 495032 17804
5791 0 0
5792 0 0
5793 0 0
5794 0 0
5795 0 0
5796 0 0
5797 0 0
5798 0 0
5799 0 0
5800 413 1135
5801 0 0
5802 0 0
5803 0 0
5804 0 0
5805 0 0
5806 0 0
5807 0 0
5808 0 0
5809 1516 733
5810 1690 1076
5811 0 0
5812 0 0
5813 0 0
5814 0 0
5815 104 52
5816 0 0
5817 0 0
5818 0 0
5819 0 0
5820 444 952
5821 0 0
5822 60 701
5823 1797335 63711
5824 194859 4932
5825 0 0
5826 361 1225
5827 0 0
5828 0 0
5829 0 0
5830 260 669
5831 0 0
5832 0 0
5833 0 0
5834 52 52
5835 0 0
5836 0 0
5837 52 1094
5838 512290 17956
5839 165 733
5840 3041 1076
5841 0 0
5842 0 0
5843 0 0
5844 0 0
5845 104 52
5846 0 0
5847 0 0
5848 52 52
5849 0 0
5850 1760166 42500
5851 0 0
5852 0 0
5853 0 0
5854 0 0
5855 0 0
5856 0 0
5857 0 0
5858 0 0
5859 0 0
5860 52 52
5861 0 0
5862 0 0
5863 0 0
5864 361 1225
5865 52 1196
5866 993548 35484
5867 1118498 52180
5868 0 0
5869 1516 911
5870 2069 1568
5871 0 0
5872 0 0
5873 0 0
5874 0 0
5875 104 52
5876 0 0
5877 52 52
5878 0 0
5879 0 0
5880 535 1981
5881 527031 25392
5882 361 1083
5883 0 0
5884 0 0
5885 0 0
5886 0 0
5887 52 1196
5888 763968 24120
5889 0 0
5890 0 0
5891 0 0
5892 0 0
5893 0 0
5894 0 0
5895 819904 24188
5896 475593 21104
5897 0 0
5898 0 0
5899 60 681
5900 3146 1128
5901 0 0
5902 52 1094
5903 520490 24784
5904 0 0
5905 104 52
5906 0 0
5907 0 0
5908 52 1196
5909 607936 29940
5910 1701 2640
5911 1463273 55200
5912 0 0
5913 103258 2164
5914 0 0
5915 0 0
5916 0 0
5917 0 0
5918 0 0
5919 0 0
5920 0 0
5921 52 52
5922 0 0
5923 0 0
5924 0 0
5925 904 1015
5926 0 0
5927 0 0
5928 0 0
5929 112 681
5930 1164692 48596
5931 518745 19875
5932 0 0
5933 0 0
5934 0 0
5935 104 52
5936 0 0
5937 0 0
5938 0 0
5939 52 1094
5940 508647 23123
5941 0 0
5942 0 0
5943 0 0
5944 361 1083
5945 0 0
5946 641740 12896
5947 344292 14820
5948 0 0
5949 361 1225
5950 52 571
5951 208 98
5952 0 0
5953 0 0
5954 0 0
5955 0 0
5956 52 219
5957 415 2044
5958 549236 15560
5959 641957 23121
5960 4825 2154
5961 368000 11212
5962 42532 1736
5963 513122 15170
5964 144047 4420
5965 104 52
5966 0 0
5967 0 0
5968 104 187
5969 0 0
5970 0 0
5971 0 0
5972 0 0
5973 0 0
5974 3126 1844
5975 0 0
5976 0 0
5977 0 0
5978 0 0
5979 104 52
5980 0 0
5981 0 0
5982 0 0
5983 0 0
5984 156 865
5985 241 64
5986 645 150
5987 0 0
5988 0 0
5989 165 733
5990 3561 2584
5991 135 104
5992 0 0
5993 0 0
5994 184 187
5995 104 52
5996 0 0
5997 0 0
5998 872 963
5999 0 0
